2473
639
1791
639
2884
2473
2151
2473
2473
2151
1791
2473
2151
639
2151
1791
1791
1791
3236
2473
1791
639
2151
1791
639
2473
2473
2473
2473
1791
2473
4352
3236
2473
1791
639
1791
2884
2884
2884
1791
2473
2473
639
1985
1791
2151
3236
2884
1985
2473
1791
1791
2473
1791
639
639
639
639
1791
2151
2884
3236
2473
3236
2473
3236
639
3236
3236
1985
1791
3236
1791
2473
2473
2473
1985
2473
1791
1985
2473
2473
1791
1791
1791
2473
1791
2473
1791
1791
1791
1791
1791
1791
2473
1791
2473
2473
1791
2473
2473
1791
2473
1791
2473
1791
287
2473
1791
1791
1791
2473
1791
1791
639
1791
1791
3236
3236
2473
1791
639
1791
639
1791
1791
2473
2473
639
2473
2473
2473
2473
2473
2473
3237
639
1791
2473
1791
1791
1985
1985
2473
1985
1791
639
2473
639
1791
2473
1791
1791
639
1791
1791
2473
1985
2473
2473
2473
2473
2473
1791
2473
2473
1791
1791
1791
2473
2473
1791
1791
1791
3527
2473
2473
1791
3527
639
639
1127
1791
1791
1791
2473
1791
1791
1791
1791
2473
1791
1791
1791
1791
2473
1791
1791
639
1791
2473
1791
2151
1791
2473
2473
2473
1791
2473
1791
2473
1791
639
1791
2473
1791
1127
1791
2473
4069
1791
2473
1791
1791
2473
639
2473
2473
2473
2473
1791
1791
2473
2473
2473
2473
1985
2473
1985
1985
2473
1791
639
1791
2151
639
1791
639
1791
2705
2473
3527
2473
639
1985
2473
2473
2473
2473
639
2473
1985
2473
2473
2473
2473
4545
2473
2473
639
2473
2473
2473
1791
1791
2365
2473
2473
2473
2473
2473
2473
2608
2473
1985
2473
639
1791
2473
1985
4523
1791
2473
287
639
639
2235
2473
2473
4523
1791
1791
1791
2473
1791
639
1791
2473
1791
639
639
2473
1791
4209
2473
2473
2473
639
2473
2473
2473
2473
2473
1791
1791
2473
1791
2473
1791
2473
2473
2473
2473
2473
1791
1791
2473
1791
2473
1791
1791
2473
1791
2473
2473
1791
2473
1791
1791
1791
2473
2473
1791
1791
1791
1791
1791
2151
1791
1791
639
1791
2473
2473
1791
1791
1791
1791
1791
1791
2473
1791
1791
1791
2473
1791
1791
1791
2473
1791
2473
2473
1791
1791
1791
3709
1791
1985
2473
2473
1791
2473
1791
1791
1791
1791
1791
2473
2473
1791
1791
1791
1791
1791
1791
2473
1791
1791
1791
2473
1791
1791
1791
1791
2473
1791
2473
2473
3284
1791
1791
2473
2473
2473
3709
1791
1791
2473
2473
2473
2473
1791
1791
2473
2473
1791
2473
2473
947
1791
2473
1791
2473
2473
1791
1791
2473
2473
2473
1791
1791
2473
2473
1791
2473
1791
1791
1791
2473
2473
2473
2473
2473
1791
1791
2473
2473
1985
1791
1791
2473
2473
2473
1791
1791
1791
1791
835
1791
1791
1791
1791
1791
1791
1791
2473
1791
1791
2608
1791
2473
1791
2473
1791
1791
2473
2473
1791
2473
2473
2473
1791
1791
809
2473
2473
1791
2473
1791
1791
1791
1791
2473
1791
1791
1791
2473
1791
2473
1791
1791
1791
1791
1791
2473
1791
1791
1791
1791
1791
1791
1791
1791
1791
1791
1791
1791
1791
1791
1791
2473
1791
1791
1791
1791
1791
1791
1791
4760
1791
1791
2473
1791
2473
1791
1791
1791
1791
2473
1791
1791
2473
2500
1791
1791
4760
1791
2473
1791
1791
2473
1791
1791
1791
1791
1791
2473
1791
1791
3620
2500
4539
4539
4539
4539
4539
4539
4539
4539
4539
2500
4539
4539
4539
4539
4539
2907
2292
4539
4523
3718
4539
4539
4539
4539
2500
4539
4539
2907
745
745
2907
4305
745
2907
2292
1832
584
745
4545
4539
2500
4171
4545
4545
2907
4539
2907
4539
4539
4539
4539
4539
4539
4539
4539
2121
2121
1148
1543
2121
835
2121
2121
1543
2121
2121
2121
2121
4539
4539
4578
639
639
1337
2130
4539
515
2130
835
4539
4539
4539
4539
4539
4539
4539
4539
4539
4539
4305
4539
4539
4592
3082
4539
4539
4592
2121
2907
4539
4539
2907
2907
116
4539
4539
4539
4539
4539
1791
1791
1791
1791
1791
1791
1791
1791
1791
1791
1791
4545
3102
1791
4012
1791
1791
1791
1791
1791
1791
1791
1791
1791
1791
1791
1791
1791
1791
1791
1791
1791
1749
1791
4069
1791
2595
4069
3254
2385
2058
1791
2595
4069
4069
4120
3405
3405
3405
769
2464
1791
1791
1791
1791
1791
1791
1791
1791
1791
1791
1791
1791
1791
1791
1791
1791
1791
1791
1791
1791
1791
4120
1791
1791
1791
2464
2464
2464
1791
3642
596
4069
1791
3862
4012
607
596
1791
1791
4074
4069
1791
1791
1791
1791
4069
3862
1791
1791
1791
1791
1791
1791
1791
1791
4012
1791
1791
1791
1791
1791
1791
1791
1791
1791
1791
1791
1791
3730
4069
1791
3718
3552
1791
1791
1791
1791
1791
1791
1791
1791
1791
1791
1791
1749
1791
1791
1791
1791
1791
1791
4069
1791
1791
1791
1791
1791
1791
1791
1791
1791
4605
1791
1791
1791
1791
1791
1791
1791
1791
4236
1791
1791
1791
1791
1791
1791
1791
1791
1791
1791
1791
1791
1791
1791
1791
1791
1791
1791
1791
1791
1791
1791
4236
1791
1791
4236
1791
1791
1791
1791
1791
1791
1791
1791
1791
1791
1791
1791
1791
1791
1791
1791
4236
1791
4236
4236
1791
4605
1791
1791
1791
1791
1791
1791
1791
1791
1791
1791
1791
1791
1791
1791
1791
1791
1791
1791
1791
1791
1791
1791
1791
1791
1791
1791
1791
1791
1791
1791
1791
2838
2838
2292
1791
1791
1791
1791
1791
1791
1791
1791
1791
1791
1791
1791
1791
1791
1791
1791
1791
1791
1791
1791
1791
3595
1791
3892
1791
1791
1791
1791
1791
1791
4523
1791
1791
2838
2838
1791
1791
1791
1791
1791
1791
1791
1791
1791
1791
1791
1791
2473
2007
2007
2007
2007
2007
2007
2007
1345
2007
2007
2007
2007
2007
906
906
2007
2007
835
2007
3840
1551
1551
1762
3759
3916
11
2151
1345
4069
4069
2007
2007
2007
2007
2007
2007
2007
3840
3047
1134
1187
3939
11
11
11
11
4069
2109
11
3194
2111
4069
11
1659
1678
4069
835
1345
1345
4069
1345
3939
1345
2983
1345
1345
1345
4048
1345
1345
1345
2292
1345
1345
836
1345
1616
1345
836
1347
3056
3194
1347
1347
1347
1347
1347
4523
1347
4523
1347
3236
1347
1347
1347
895
1347
2657
4523
2704
1347
1347
1347
1347
1347
1347
1347
1347
1347
1347
1347
1347
1347
1347
1347
1347
1347
1347
1347
1347
1347
1347
1347
2151
4523
2151
2151
2151
2151
2151
2151
2151
2151
2151
1347
4523
1347
1347
1347
1347
1347
1347
1347
1347
2151
2151
2151
4523
1347
1347
2151
2151
2151
2151
3236
2151
2151
1347
979
2151
2151
1347
1013
1013
1347
2151
1347
1347
1013
1347
3493
1347
2486
2486
3056
3056
4031
2486
4730
4730
4730
4730
4730
4730
4730
4730
4730
3493
3708
1347
1347
1135
3570
3056
2486
1347
1347
258
3493
1347
2486
2486
258
258
3493
3493
1347
1347
2486
1686
2745
3493
2486
2486
4730
1347
1347
3598
3493
3493
3493
3493
3493
3598
3493
3493
3493
1075
2704
2382
2704
2704
1347
1347
2053
1347
1347
1347
3493
3493
3493
1075
3493
1347
1347
1347
1347
1347
1347
1347
1347
3493
1347
1347
1347
1347
1347
1347
2704
3493
1075
3493
1347
1347
1347
1347
1347
702
1013
702
2151
2151
2151
1347
1347
1347
1347
3580
1347
1347
1347
1347
1347
1347
1347
1347
1347
1347
4322
702
702
702
702
217
1013
4528
217
2486
2486
2486
4322
217
2486
2486
2745
4031
979
1347
1347
1347
1347
1013
1013
1013
702
1347
1347
1347
1347
1347
1347
1347
1347
1347
1347
1347
1347
1347
1347
1347
1347
1013
3236
2151
2151
1013
1013
1013
4585
1013
1013
1013
1013
1013
702
1013
1013
3236
3595
2151
1013
3236
3236
702
567
1013
702
2151
702
1347
1347
1347
1347
2464
1347
2464
1347
2464
2464
2464
1347
1347
1347
4523
2486
2464
979
1347
1347
1347
1347
1347
702
1347
1347
2464
2464
1347
1347
1347
1347
1347
1347
1347
1347
1347
1347
1347
1347
1347
1347
4209
1347
895
1347
1347
1347
1347
3056
2060
217
4730
4730
2486
2486
1347
2486
2486
2486
2486
2486
2486
2486
217
1347
217
4730
1347
2486
1347
4523
4523
1347
1347
1347
1347
1347
1347
1347
1347
2464
2464
1347
1347
1347
1347
1347
1347
1347
1347
2788
3335
918
3335
3493
1685
3335
1251
2693
1685
1685
1251
2693
3335
1251
3335
1251
1251
1966
3335
3335
3335
3335
1251
3335
2788
2788
3335
3335
3335
3335
3335
1966
3335
2561
3335
3335
2788
1208
1208
479
3335
3335
3335
3335
3335
1966
3335
1251
3335
3335
2693
2561
2561
2561
3335
1685
3868
2561
3335
3335
3335
1966
1966
3335
1685
3335
3493
50
1251
3335
3335
3335
3335
3335
3335
3335
50
50
1013
3335
3335
1685
1685
2788
3868
3868
370
3335
50
50
50
50
3335
373
3335
769
3335
2561
3868
3335
3335
3335
2788
3335
3335
3335
3335
3335
3335
3335
3335
3335
2788
50
50
3335
2788
2788
50
3335
3335
2788
3335
3335
3335
3335
2788
2788
3335
2788
2788
3335
3335
2788
2788
3335
2788
2561
4058
1208
2788
2788
3335
3335
3335
3335
3335
3335
3335
3335
3335
3335
216
3335
2561
370
370
370
2561
370
370
1556
1556
370
1556
4058
1556
1556
1556
370
370
1556
3868
3868
3868
1556
1556
1556
2561
370
1556
1556
370
370
370
373
1556
370
4687
370
1556
1556
373
3868
3868
3868
370
370
370
686
609
370
4687
4687
370
4058
4687
3043
370
370
729
370
4523
525
1556
4058
4058
249
3376
4058
4349
1768
4058
4058
4058
4058
4058
2151
1556
370
370
370
4058
370
156
2155
2155
2677
11
4058
370
3569
2155
156
3718
1094
4691
4691
4691
4691
4691
4691
4687
4691
729
729
1556
1556
4349
1556
729
4687
1556
4058
525
525
525
373
3493
3493
3335
2413
4058
2413
1556
525
525
269
949
3982
1268
949
949
949
1815
1027
4016
3759
3759
3932
4742
949
949
949
949
3759
1307
1773
949
949
949
949
3945
949
2983
3759
312
1307
338
4571
4571
1128
3414
1688
639
639
639
3759
4571
1815
1307
4571
312
1815
2078
2078
2078
2078
2078
2078
4571
4571
949
3493
4571
4058
532
4571
4730
4523
4571
4730
4730
4058
4571
532
4571
2078
4730
4730
4730
4571
4571
4571
4571
4571
4571
4571
4069
4571
2078
4571
4571
338
2837
2983
2983
2983
4571
4571
4571
4571
1815
4571
4571
2983
2078
4571
4571
4571
4571
4571
4571
4571
4571
4571
4571
4571
4571
4571
4571
4571
4571
4571
2983
3293
786
1815
2462
1159
1159
639
1815
4571
639
639
639
639
639
639
1657
1159
1159
1159
949
2078
4571
3759
1128
639
4571
2740
1159
639
4745
4058
1159
639
639
4571
1159
1159
639
4058
4058
1159
639
1128
1128
4571
4571
639
2969
1815
1128
1128
1128
1128
1128
2462
1128
1128
1815
639
639
1815
1128
639
639
1815
2462
1159
1864
2462
2462
1159
1128
639
4571
639
1128
1128
1128
1128
639
1128
1128
639
1128
1128
1128
3971
639
4058
1128
2462
1128
1160
1128
639
639
2740
1128
1128
2740
3493
2740
2740
1307
2740
2740
2740
2740
1815
2740
2740
2740
2740
2740
639
1128
3759
639
2740
2740
2740
2740
4069
4356
4356
310
4356
4356
4356
573
4356
2292
3961
4356
3236
3236
1966
682
3986
639
310
2292
609
729
4751
4691
3755
4356
729
729
729
729
729
729
729
729
729
729
729
729
729
4356
4356
729
3916
895
2902
1966
1966
1966
846
2902
729
3410
639
639
344
846
2902
2902
2902
2902
2902
2902
2902
2902
4691
1966
846
1966
1966
1966
1966
1966
1966
1966
1966
846
1966
846
846
846
1966
1966
1966
1966
556
1966
1966
1966
1966
4691
2385
4691
3759
2385
2385
2385
4691
2385
4751
2989
2902
1104
2385
2989
949
4094
4094
2385
949
4094
729
3759
2989
3759
3759
3815
949
949
2902
949
949
4094
3815
1551
3932
4455
4094
4094
3815
3815
1345
949
3759
4094
3759
4094
4094
4094
1504
1504
1504
2292
729
729
4455
729
729
1504
4691
4094
729
4094
2385
4094
729
4691
729
1504
1504
1504
2989
4094
2989
2989
2989
639
639
639
639
639
4691
639
639
4094
2385
2902
4094
4094
4094
4094
2989
639
2902
2902
2902
639
1013
1013
1013
1013
1013
1013
639
639
3978
639
3978
639
2796
639
639
2796
2796
2796
2902
2796
639
1013
639
2796
2796
639
1013
846
1250
609
609
609
4106
1013
846
4106
1250
3978
2130
639
1013
639
3978
639
639
2796
639
2500
639
2500
639
639
639
639
2796
639
2796
1543
639
550
2796
2803
2796
639
2796
639
639
639
639
639
639
639
2796
2796
2902
2902
3978
4523
846
846
639
639
639
344
639
639
639
639
2796
3978
846
600
1556
1556
2385
2385
2385
1250
846
600
600
600
4119
1556
532
4106
4106
1556
2151
682
2385
682
4523
344
1013
2902
2902
2902
2902
2902
2902
2902
2902
344
2902
2902
2902
4523
2902
2385
2385
1159
846
1733
4106
2902
639
4106
846
846
846
600
4306
846
846
846
2902
4306
3978
1013
1013
846
846
846
682
846
682
2788
2902
600
682
682
600
682
3270
682
682
682
682
836
682
682
682
600
682
682
60
682
682
1556
1158
1158
4196
4196
1235
4196
4069
3236
1158
170
2708
4196
1158
4196
1158
4196
4069
4069
4196
4196
4196
4196
4196
4196
4196
4196
4196
4196
1158
1235
1939
1235
4196
4196
584
584
4069
816
4069
4069
4415
1207
1939
2822
2822
1277
2822
2435
2837
3156
2435
948
2435
4069
1235
1235
1235
1235
1235
1235
4069
1235
232
3236
4084
3236
3236
4196
3236
3236
3236
4196
4196
2837
4196
3236
4196
3236
3236
3236
232
4191
3236
4069
3236
4415
3236
4726
4191
3236
3236
3236
312
3236
4191
4191
3236
3236
3236
2541
4196
3236
3236
3236
4196
232
4196
4069
4196
4196
3322
232
232
232
232
232
3236
1233
3322
3236
3236
4196
4196
232
4196
4726
4196
4415
3915
4069
3236
4415
3915
4069
3915
4069
4069
3411
3411
3348
1235
1235
1235
3915
3521
1235
1235
3915
3915
3915
3915
3915
3915
3915
3322
4415
1235
3915
1235
3915
3915
3915
2985
3236
4415
4415
3236
3236
3236
3236
3236
3236
3915
4415
3236
3915
4415
3939
3915
3915
3915
3915
3915
3915
3915
3915
3915
3915
3915
3915
3915
1235
3915
4069
4069
3521
3521
4483
3521
4483
3521
4069
4415
2545
4069
3521
1229
4483
4415
4415
4415
4415
1075
4415
4415
4415
4415
356
4069
4069
4069
4069
4415
3521
4415
3521
4069
3521
4069
4069
4069
4069
3915
3915
3915
3915
3915
4069
4069
4221
4069
3322
3915
4483
4483
4483
4069
3521
4483
3521
4415
3521
4069
532
4483
287
3915
3915
3915
3915
3915
1791
3915
3915
4346
3915
3915
3915
3915
3915
3915
3915
4346
4346
4346
3915
3915
3915
584
584
3915
3915
3915
4346
3915
2385
3945
4007
1185
4523
4523
4523
575
3915
584
4346
2007
3915
1551
4346
3915
3915
4346
4346
747
4346
747
4346
4346
584
600
2385
600
1644
2007
4069
4069
1185
4069
4069
2956
4069
4069
4069
2007
3221
4069
4069
2007
1134
4081
4069
4069
4069
1811
584
4069
584
4346
4346
4346
4346
4346
4346
3915
3322
584
3915
3162
3915
4346
3892
2385
4541
3915
4346
3322
3514
4346
3915
607
3915
584
584
4429
4346
607
4346
1470
607
607
607
607
607
607
607
607
607
607
607
607
607
607
607
607
607
607
1811
607
607
607
607
607
607
607
607
4016
607
607
607
607
607
607
607
607
607
607
607
607
607
607
4382
1470
607
607
607
3236
607
607
607
607
4585
1023
607
584
4069
3915
584
3915
584
584
4069
584
4069
3915
2607
4346
4346
2252
2007
4346
3915
3915
3915
4346
4346
4069
4346
3915
607
4069
1185
607
607
607
3236
607
607
607
607
607
607
4069
3915
607
607
607
607
607
607
607
607
607
584
2608
4346
607
1644
3915
3121
3915
3915
3915
4346
4346
4346
607
4346
607
4346
3915
3915
4069
4069
4069
4069
3915
4346
584
4346
3915
3915
4346
4346
4346
4346
3915
3915
607
607
4069
607
567
607
4069
4069
3915
607
607
4346
607
607
3915
607
4346
3915
3915
4252
4346
4346
3915
4346
607
607
4346
4069
3915
3915
3915
3915
3915
3915
3915
3915
4523
3915
2517
3915
2500
3915
3915
3915
3915
584
3915
3915
3915
3915
3915
83
2517
4069
3915
3915
4069
4069
4069
4346
2210
3915
4346
4346
4346
4346
3915
3915
4346
3915
4069
4523
2608
607
607
607
607
3915
607
3915
4346
4069
607
4069
4069
835
4523
4069
2252
1644
4007
3915
4523
4116
4069
727
4541
2500
584
584
3915
3915
3915
3915
3915
4346
4346
4346
3915
4346
3958
575
607
4069
607
607
607
607
607
607
607
607
607
1235
607
4069
4116
2372
3915
607
4346
607
607
607
607
607
4069
4346
3915
4380
607
607
607
607
607
607
607
607
607
607
607
607
607
607
607
607
607
607
3236
607
607
4069
607
607
607
607
3799
607
607
607
607
607
607
4069
607
4069
3187
2756
2863
4069
4069
2240
2007
4069
607
607
607
607
607
4523
4579
607
4069
2153
4426
4426
980
2500
425
2385
425
3892
425
425
2292
2153
1596
425
4012
1720
2153
1945
1945
1945
425
1945
2153
2153
2153
2153
4523
4523
2153
2153
2153
2153
2153
1720
680
4545
425
425
4545
4678
425
680
680
4069
425
4069
4069
2907
425
1297
2907
2206
3892
1780
425
425
2292
2292
2292
4545
425
4545
425
2292
2907
3892
425
425
425
425
425
425
425
1945
124
1319
124
835
835
124
124
124
835
835
835
835
835
425
425
835
1818
97
3272
835
124
4426
2500
4426
2130
124
124
124
425
124
124
124
124
124
124
124
97
124
2983
425
425
3272
425
2153
1407
1407
1780
3170
1733
1297
1319
3010
3010
1945
1945
1945
3272
1407
1407
3272
425
425
425
425
1732
124
124
425
124
124
425
1732
1732
1732
124
1407
124
2130
425
3694
1527
2864
2864
425
425
4426
425
2221
425
2292
3348
425
600
425
721
2503
425
2151
425
425
425
425
425
425
425
2151
425
4069
425
425
425
425
425
425
425
425
4545
425
425
2206
3445
425
425
1634
2445
425
425
4545
607
425
425
425
2153
425
425
4545
425
4545
425
721
425
425
4498
425
4426
425
425
3405
425
425
4545
1634
425
1596
425
425
425
556
3348
1754
680
680
680
680
425
2907
3694
3694
2292
980
980
3348
556
1754
2500
2500
3694
3694
3694
3694
3694
3694
3694
980
3694
425
2907
3348
425
2500
2500
2500
425
3694
980
980
2151
2151
425
4545
425
4545
425
425
425
425
425
425
425
425
425
2151
425
425
425
2292
2292
3348
680
980
425
2464
980
1273
425
425
2151
4545
980
425
425
425
124
2385
124
2464
1984
1312
1984
654
261
261
261
261
261
1984
3893
1984
1984
1984
3893
1984
2464
4579
1543
2464
2464
394
2464
3892
2464
2464
2464
654
1312
1984
1984
1984
2500
3647
1984
1984
1984
1312
4727
4727
4727
3893
3893
3534
261
261
261
261
261
261
261
261
3893
261
261
3893
1984
1984
2382
1984
1984
261
1323
3157
3893
261
261
2500
3893
3893
3893
261
261
2464
4184
3157
52
2702
4523
4523
261
261
261
261
2702
2702
4069
3157
4069
334
261
2464
261
4069
644
124
3982
954
2983
2464
954
4091
261
4091
954
954
4091
1990
261
4069
261
3982
261
2053
2053
2164
1985
2702
1984
1984
4325
4069
4069
4069
4069
1984
3157
3157
3157
3157
4468
1825
4012
4012
2053
4325
532
1984
1984
1984
1984
2053
1984
654
1984
4012
1984
1984
1984
1984
1984
261
1984
261
261
1780
261
261
261
261
3417
4533
3417
261
261
521
521
521
521
261
3893
42
261
3534
142
1985
2604
1985
3534
3534
521
261
261
261
261
261
1124
261
261
4039
261
2130
2292
124
124
124
124
124
124
124
124
124
4426
124
124
124
261
124
124
124
1984
4012
895
4069
2130
3509
2130
2130
261
4426
261
261
261
261
261
4426
4426
835
261
261
261
261
261
261
261
261
261
261
261
261
261
261
261
261
261
261
261
261
261
261
261
261
261
261
261
261
261
261
1984
261
261
261
261
261
261
261
261
261
3893
261
2604
4630
3758
1329
1329
261
2292
261
4630
261
261
261
261
4069
261
835
835
261
2848
261
261
261
261
2848
261
261
261
292
261
292
261
261
261
261
261
261
261
310
1754
1754
310
42
310
310
42
310
4523
42
3380
3380
310
42
1754
142
142
1754
4192
3411
1124
3380
1754
1124
1754
4523
835
1754
142
4523
835
835
835
835
835
835
1754
1124
4523
1754
4007
1754
1754
1754
1754
530
1754
1754
1754
310
1754
1754
1754
1754
1754
1754
4523
1754
1754
1754
1754
1754
1754
1754
1754
1754
1754
1754
1124
4523
142
1124
1124
1124
4523
142
1754
4007
4007
1754
1754
1754
1754
142
1124
204
2526
142
1754
1754
1991
1754
1991
1754
1754
1754
1754
1754
1754
1754
1754
4007
1754
1754
1754
722
42
42
4523
42
310
42
1754
42
42
42
42
42
42
42
42
42
42
42
142
4523
4523
4523
3800
42
4170
310
42
42
42
4170
142
42
142
142
42
42
42
42
42
42
42
42
42
42
42
42
42
42
42
42
42
42
42
142
142
142
42
42
4170
4170
42
42
42
42
142
4523
835
4523
4523
4523
42
310
310
310
310
42
4523
42
42
42
142
42
42
42
142
142
142
142
142
142
142
142
142
142
42
142
4523
4523
4523
42
42
42
42
42
142
142
142
310
835
42
142
835
835
835
835
835
835
835
835
835
835
835
835
835
835
835
835
835
835
835
835
835
835
835
835
835
835
835
1124
1124
142
835
835
835
835
835
835
835
835
835
835
835
835
835
835
2970
835
835
835
835
835
835
835
835
835
835
835
835
1124
835
835
835
835
835
835
4683
835
835
835
835
835
835
835
835
835
835
1765
1124
835
835
835
835
835
835
835
835
835
835
835
835
835
835
835
835
835
835
835
835
835
835
835
835
835
835
835
835
835
1124
835
835
1124
980
142
142
142
142
142
142
964
142
1593
142
142
142
142
142
142
4170
142
4170
4523
142
142
1754
142
142
1124
1124
835
1124
1124
1124
42
42
42
42
42
42
1124
42
142
142
4170
142
1124
1124
1124
1124
1124
4170
4170
1754
1124
1754
1124
1124
1124
1124
1124
1124
1124
1124
1124
835
1124
1124
1124
1124
1124
835
835
835
835
835
835
1124
835
835
1124
1124
835
835
4170
1124
4170
142
142
142
142
980
142
1124
1124
1124
142
142
1124
142
1124
1124
142
1124
1124
1124
1124
1124
835
3950
3950
3950
3950
3950
3950
3950
3950
3950
3950
3950
3729
4523
4641
3950
4523
3950
3950
3950
622
3950
3950
3950
3950
4523
961
4523
4523
311
622
622
622
622
3950
4523
4578
3950
3950
3950
3950
3950
4523
422
3950
3950
3950
4523
4523
3950
3950
3950
3950
422
3950
1543
2460
2460
3950
622
4523
4523
3950
3950
3179
534
3950
3950
4523
3950
3950
3950
3950
3950
4523
3950
3950
3950
3950
3950
622
3950
4523
4523
422
3950
3950
3950
4523
4523
3950
3950
3950
3950
3950
1381
3640
4523
3950
4523
3950
3950
4523
4523
4523
3950
4523
967
4622
3950
3950
4523
3950
4622
4622
3348
4622
4622
4622
4622
3348
3348
4622
4622
4523
3348
3950
4523
4622
4622
4523
4683
3950
3950
3950
4523
2081
4523
3950
3950
4523
352
4523
4523
4523
3599
2983
2292
4523
515
1134
34
622
34
4523
3950
4523
1842
3950
3950
3950
3950
3950
4622
3380
1666
4523
3142
3950
1842
1842
4523
3348
3348
2554
3885
4622
1842
3950
3950
3950
4523
3844
3844
3348
3844
3844
3844
3844
3844
3844
322
3844
3844
1842
1842
1842
1842
1842
3844
3844
3844
3516
3553
2292
4648
1993
3620
2292
2292
680
3516
243
3844
3348
3844
3844
3844
3844
3844
3844
3844
3844
1675
1842
4268
4523
1842
1842
1842
4622
4268
4523
4523
4523
2541
4622
3844
4622
4622
3844
4622
4622
3950
1780
895
895
895
1842
4622
3844
3844
3844
3844
3844
4622
4622
4622
4622
4622
4622
3844
4622
4523
1780
1780
895
1842
1757
4523
1993
4523
4012
4523
1758
3742
4523
4523
3553
4523
3553
4523
4523
680
4523
4523
4523
2541
3803
3553
4523
4523
4523
3950
1757
3950
3950
3950
3950
1682
3950
4523
3950
622
3950
394
4216
4523
4523
1682
1842
4523
3803
3803
259
2292
4648
4648
4523
1993
731
731
3620
731
4523
731
731
731
731
731
3620
4017
2292
3620
731
4523
3620
731
3803
3803
3620
3803
3803
3803
3803
3803
3803
4375
2087
2087
3803
3803
2087
3553
3803
3803
3553
3803
950
950
950
950
950
950
2514
4406
3052
4406
4406
4406
4406
4406
950
950
950
950
3052
4406
950
3052
4406
3052
3052
2514
950
950
3941
3941
950
950
950
950
4406
3052
4406
3052
4406
4406
4406
4406
3052
950
2583
2673
2673
2673
4523
3348
3052
1359
2472
4406
2472
3052
4406
4406
4406
4406
4406
4406
4406
3052
4406
3052
3052
3052
3052
3052
3052
4406
3052
4592
4406
4592
4592
4592
4523
4592
4592
4592
4592
4592
4592
4592
4523
4523
4592
4592
950
4592
4592
2832
215
3768
1341
744
1666
4523
4523
1666
4523
2922
1345
4592
4592
4592
2832
4592
4406
4592
4592
4592
4592
4592
4592
4592
4592
4592
4592
4592
3376
4406
4406
950
4406
4406
4592
4592
4592
4592
4592
4592
4592
4592
4592
4592
3881
3881
4523
4592
4592
4592
4592
4592
4592
4592
2673
4729
4523
950
950
1903
1642
4523
487
487
828
828
4003
4523
4729
487
487
4544
4523
4729
3414
4406
1138
1532
3376
1532
3376
3376
3376
3376
4729
4729
4729
275
950
3832
1903
3414
3376
4523
950
2693
950
950
950
1903
1642
950
1642
950
950
950
950
950
2583
1666
3843
4729
1094
1094
950
950
950
950
950
950
950
950
950
950
3414
4442
950
4442
950
3348
4523
38
3376
670
2847
3832
3832
3832
3832
1359
1359
3348
3348
3843
2847
275
1642
1642
3376
1642
3376
38
4523
4418
3950
3348
336
4181
3843
444
1642
1642
3376
4523
38
1062
1062
38
3832
38
3376
3376
3376
3493
3376
1532
3376
1532
1051
3832
3832
3832
2151
3832
4002
3376
1532
3348
3181
1532
38
3376
3376
3376
3376
4523
1532
1138
3832
3832
1532
3376
1532
3376
1532
1532
1666
4592
3052
4523
4523
4523
3881
3881
3881
3881
3881
3881
3881
4523
4523
4523
4523
4523
4523
4523
4523
3881
835
3376
3376
4523
3881
4523
4523
3881
3881
4523
4610
3881
3881
3881
3881
3881
3348
3881
3855
3881
3881
3376
4523
3881
3376
1094
1094
584
3376
1094
950
950
4063
3171
4523
3881
4523
3881
4523
4523
4523
3881
3881
3881
3881
3881
3881
3881
3881
4523
4063
3881
4063
3881
3376
3376
3376
3376
3376
3376
3376
3376
3376
3376
3376
3376
3376
3348
3376
3376
3376
3376
3376
1138
3376
3376
3376
3376
3832
1642
3376
3175
3175
3376
3376
3376
4523
3376
3376
3376
3376
3376
3376
3376
1138
3376
4523
3376
3376
3376
3376
3376
950
38
38
3348
38
3832
4254
3376
3376
3376
3376
3376
3376
2130
2837
3376
3376
3376
3376
3376
3376
3376
2693
3376
3376
3376
3376
1051
3348
1532
4523
4406
584
584
3052
4127
3052
3052
1666
3052
4523
3052
3052
3052
3052
3052
4406
3052
4406
950
4406
4406
3177
950
2292
1666
4406
4406
584
1188
3177
3052
2130
1188
4406
4406
4406
3052
3052
871
4127
2130
2130
2130
2130
2130
322
2130
2130
3052
1912
2130
1666
3348
1666
3052
3052
1438
3052
2138
1666
1666
1666
1666
1666
1666
4523
1666
1666
1666
3177
3177
4127
4127
4406
1666
4406
4523
3881
4523
1912
4523
4523
4523
3881
4523
4523
4523
4523
3171
4523
1188
4523
4523
2430
4523
3175
3376
3832
3175
3376
3376
2372
1188
4406
1912
4523
4523
4523
4523
1912
4523
3171
1188
3881
1188
3052
871
871
1188
1188
1188
1188
3052
3052
3321
3052
4406
4406
1188
4406
3052
3052
4406
3052
3052
1188
3177
3052
1188
1188
1188
3052
1188
4523
1188
744
1188
3881
3591
3103
2805
2974
2974
3941
1895
3236
3103
3103
1895
3825
4069
2974
1970
3103
3236
2114
1970
1970
4273
838
888
4344
2696
2324
3236
979
4523
496
3053
2365
4375
2742
494
1094
1094
1094
1094
1094
1094
1094
494
494
1094
533
4375
533
2990
719
4333
4333
719
809
2365
2365
2365
1094
1345
1345
1345
719
3306
3348
3236
3504
4723
4069
4014
3493
3941
2151
1792
2210
2160
3348
78
4535
3504
4723
78
78
3348
4723
3348
3504
3348
3348
3348
3348
3348
4330
1051
2056
3504
2551
1642
3348
4509
1642
2837
2742
1638
2742
2742
139
3348
3348
3348
3348
2742
4069
2551
4069
3348
4723
3348
3405
3405
2301
4069
4069
4069
4069
4069
508
508
508
508
508
508
508
4523
4268
4268
508
508
508
356
508
3164
508
4523
4705
2546
3164
1300
1300
1300
1300
1300
1300
3759
3054
3851
3851
1300
1300
1300
1300
1300
1300
1300
2292
1822
2151
1300
3441
1300
1300
1300
1300
1402
1300
4473
1300
1300
2617
1300
2617
2617
1300
3594
1300
1300
1300
2464
2151
1300
1300
2464
1300
2151
2151
3200
1300
1300
1300
3441
3441
3164
3164
1300
1300
2664
1300
1300
287
287
287
287
3767
3348
3767
287
3767
4069
2076
1300
1912
1300
879
1300
3767
3767
4069
897
2664
4069
4069
3767
3493
2464
3493
4069
2801
2801
4081
4380
3767
3767
3767
3767
287
3200
1300
258
1300
1300
4380
4380
897
3377
65
3767
3493
3767
1300
3493
1300
1300
4069
1300
1300
1300
1300
2151
4081
145
3394
4081
1300
723
723
4555
3032
4081
1300
1300
1300
3394
917
284
1300
1300
4104
1300
835
835
835
3759
3577
835
835
835
835
835
835
835
2750
835
835
835
835
3157
835
835
2472
518
4750
3568
4380
4523
518
518
518
518
1345
225
3577
1720
2881
2500
4143
2480
2500
1720
835
835
835
835
2416
4380
183
2500
183
4143
979
183
183
2632
2632
1402
2632
4143
2632
835
3759
183
835
183
183
622
183
183
835
1250
3157
835
1720
2500
1720
3577
2500
3577
4624
3831
835
835
3568
835
835
835
835
3157
835
835
835
835
3157
3568
3157
3568
250
3831
250
250
250
3831
3831
3831
3568
1321
3831
3831
3831
3759
2500
3831
3157
3157
2755
3157
90
4143
3831
90
1889
1083
250
250
250
90
250
4704
90
90
90
90
90
90
90
3831
3831
3831
1521
250
3157
4143
4143
3157
3831
90
3831
90
3831
90
90
90
90
3831
90
90
90
90
3568
836
3568
3568
3568
3568
90
3831
3831
3831
4143
4143
4143
4143
2478
4143
4143
183
3157
3831
3157
3831
4523
3157
4143
3831
250
90
3831
3755
3831
3568
183
3577
835
250
250
250
1889
2292
2292
2292
2292
2292
250
2292
2292
250
2292
2292
2292
4575
2292
2292
2292
2292
2292
2292
2292
2292
4523
2292
2464
2292
3157
4523
2151
2292
3157
2292
2292
2292
2292
2292
2478
2292
1822
1822
979
2292
3157
979
250
3157
3157
917
3157
1402
2292
3157
4081
183
3157
2292
2292
2292
2292
3054
2292
2292
3157
4081
3157
2292
3157
3157
3157
250
3157
917
3157
3157
1608
3157
3157
4575
4575
3851
3851
3157
3157
3831
3157
3157
2500
3157
3157
3157
3054
2907
2464
2292
183
183
183
183
183
183
183
183
183
183
835
835
3157
2608
2480
3774
3774
1724
835
4523
835
1724
183
183
2292
835
835
835
835
835
835
3157
835
183
835
835
3157
4081
4081
979
622
183
183
183
835
1663
3157
149
183
183
183
183
183
183
183
183
183
183
183
183
183
183
183
183
183
183
183
3054
183
2500
183
183
183
4143
836
4268
183
183
183
622
183
558
4268
558
149
558
183
183
2480
836
1167
3503
1167
2608
1675
4523
707
394
1094
3851
3756
3376
754
3065
4523
1675
1675
1675
1675
4523
4069
1675
2609
707
2609
1675
2609
588
2609
4157
3528
2609
2455
1223
2609
2609
2609
4721
4721
1822
4675
3756
2609
1675
1992
1675
3054
3958
3958
707
754
754
754
3493
1675
3958
1675
1675
1675
835
835
1906
2609
3054
1675
3958
3958
4639
3376
707
4523
4523
4523
3958
1675
1675
1675
1675
1685
4523
3958
4749
3958
3493
4749
2609
2609
2609
2609
2609
2609
2609
2609
2609
2609
2609
2609
1223
2609
2609
2151
4748
835
2609
2609
2609
2609
2609
2609
4046
1410
2884
3552
1675
3220
79
3939
2609
2609
2609
2609
2609
2609
2609
2609
2609
2609
2609
2609
2609
2227
707
3376
2609
2609
2609
417
417
417
2609
2609
2609
2609
2609
2609
2609
2609
2227
707
707
707
2609
1327
2609
2609
2609
2609
2609
2609
2609
2609
2609
1675
2609
707
3958
3376
3376
3376
2609
4046
1666
1771
414
2151
40
40
40
40
40
40
40
40
40
3842
3842
3842
40
40
40
1675
40
1675
3283
414
895
1094
414
414
1675
4748
1675
1675
1675
1675
2618
4380
2151
1675
3283
3283
3047
414
3065
414
3939
414
825
2868
40
3939
3939
1545
1545
3065
40
40
40
1545
1675
1545
1545
3842
40
2609
2609
414
414
414
414
414
2292
2151
40
3842
2609
3354
1675
2609
2609
2609
2609
2609
2609
414
40
414
3283
3283
3283
4196
4196
4196
4196
4196
4196
3047
3283
3283
3283
3283
3354
1675
1675
3283
1675
3283
3283
414
835
835
835
2609
835
3283
4299
4299
1670
1670
3493
688
3283
3283
3283
3283
4196
1675
3283
1675
1675
1675
1675
4448
4448
904
3892
3892
4196
4196
3283
414
414
414
414
414
1675
414
4196
4196
3892
4196
4196
1771
4196
3236
1993
1993
3047
4196
3047
3065
4196
3283
2964
3236
3236
4196
4196
4196
3493
3493
2147
3493
3493
3493
3493
3493
3493
2147
3493
251
1407
1296
2147
3493
3493
3493
3493
3493
3493
3493
3493
3611
3493
4069
2073
1535
3493
1951
1951
1951
2292
2292
3493
668
3493
3629
3493
3493
4655
3493
3493
3493
3493
3493
3493
3493
3493
3493
3493
3493
3876
3493
1117
2073
2073
3493
3493
3493
3493
3493
3493
3493
3493
3876
3493
3493
2073
3611
2073
2073
2073
4523
2073
4523
3327
3464
4048
4057
3493
3493
3493
3493
3493
3493
3493
3938
3938
913
2073
2523
3493
2073
2073
2073
2073
2073
584
2073
3493
3493
3493
3493
3493
3938
4705
1951
3358
3492
1407
1407
1407
1407
1407
1407
1407
4523
4523
1950
1950
1950
1950
1950
1407
1407
1407
1407
1950
1407
3611
3611
1407
3611
1912
3464
3940
2073
2943
3877
1649
3354
3611
1922
4069
4069
4069
3611
1912
1912
1912
1912
979
2151
3585
3065
1912
1912
1912
234
1912
3611
3354
3611
3493
3493
3493
3493
3493
3493
3493
3493
3493
2385
3493
3493
3358
3327
2385
3348
3493
3358
3291
3291
3327
3611
4069
1616
2722
3493
2382
3611
3142
3611
3611
3611
1922
243
1912
2860
2860
4069
4069
2486
3611
913
2292
4069
3493
3493
3565
3464
3220
3376
3492
4433
1345
2513
809
1985
1298
1396
1090
1854
3349
809
1090
1090
1090
2849
3939
584
1090
2536
791
1889
2532
1075
1090
1345
1081
1081
3335
3759
1345
1420
1094
3982
3892
1711
2076
37
1090
3839
1345
3958
791
809
3928
1420
1090
3472
2352
3928
2849
4214
329
1060
3484
3349
3979
836
4069
2583
1822
1542
2193
3629
1993
3484
425
2252
1420
1420
809
809
2292
2252
2252
2252
2252
2252
2252
2252
2252
2252
1420
1711
2849
2252
2252
1090
3629
2939
1345
2151
961
1345
977
977
4334
4182
2830
2151
318
2982
4523
3939
3939
4081
1075
1345
3349
961
1075
3376
2118
4091
1345
1345
3759
3759
3939
688
688
2118
3759
1345
4081
1050
3348
1903
3337
2464
2464
3939
2151
1345
1075
1203
1345
2549
2549
1345
1345
4008
1075
1203
3052
1345
2500
2076
1345
1345
1345
1345
1345
1345
4380
2062
1259
1075
1075
3376
1075
2121
1075
2062
3349
261
261
1
1
4069
4182
1259
2478
1345
1075
2151
3591
1345
1736
1778
4197
3225
4197
4008
4116
1336
2464
2414
3493
2830
1336
3349
3376
1607
1545
997
3629
4523
318
2464
3493
2983
4523
584
3915
4197
4197
4197
809
239
4197
4197
1407
4197
1075
3915
3380
1075
1075
1075
1407
4197
3412
4523
3412
1345
584
3349
4197
252
1004
1607
1094
532
299
551
1090
1090
1090
809
809
625
809
2082
3629
4197
3225
3412
4197
2082
809
3740
1090
1090
1041
809
3629
4523
532
4523
4197
3629
3629
3629
3629
1522
835
100
2601
837
837
4675
4675
837
837
3669
837
4675
837
3759
3759
837
2464
3291
3291
3252
3669
2095
4523
2464
4197
2095
4197
3291
811
4069
625
811
3291
1345
4268
3950
3950
1345
2151
4523
809
1345
809
4091
1822
4197
4523
4762
4523
4523
3740
3740
394
3056
3740
835
3740
4764
3108
1551
4197
4523
2536
644
4197
394
4762
3108
4197
727
1090
3252
727
727
4190
727
1601
727
727
4190
727
727
727
1522
727
1601
727
1522
1736
1312
1312
1177
3417
3417
1293
1145
1682
1312
1682
1312
1682
1312
1312
1312
1312
1312
1312
1312
1312
1312
1312
1312
1312
1312
1312
1312
1312
1312
1312
1312
1312
3939
1312
1928
3939
1312
1312
1312
3521
1309
4523
4523
4523
2489
482
1682
2274
4523
1312
1682
1682
1312
1682
1312
2151
1782
1782
1682
1782
3939
1682
1682
1682
1682
1682
3851
1682
2935
1682
4449
1705
1705
1682
2935
2935
2935
2935
2935
2935
2935
2935
2935
2935
2935
2935
2935
3513
2391
680
2075
2130
508
4498
3876
3764
1682
2935
2935
2935
2935
3990
4701
4701
1682
1682
1682
1682
1682
837
1682
1682
4485
1177
1312
1682
1682
1682
1682
2566
1682
1682
1682
1682
1682
1682
1682
1682
1682
1682
1682
1682
1682
1682
1682
1682
1682
1682
2118
1682
3513
1682
275
1682
1682
1312
1312
1312
1312
1312
1312
1312
1312
1312
1312
1312
1312
1682
1682
1682
1312
1682
1682
1682
1682
1312
1682
3644
1682
1312
1682
778
1312
1682
1682
1682
2130
1682
1682
1682
1312
1312
1312
1682
1312
1312
1312
1682
1682
1682
1682
1682
1682
1682
1682
1682
1682
1682
1312
1682
1682
1312
2247
2247
1682
1682
1682
1682
1682
1682
1682
59
2118
2046
2118
2118
1468
2046
2770
1817
2832
1333
1333
1165
3768
4351
4351
4351
3513
3513
3513
3513
3513
2118
1468
4483
1468
225
1274
4544
3276
2989
225
1468
3859
1468
1682
1682
1682
1682
1682
1682
1682
1682
1682
1682
1312
1312
1682
1682
1682
1468
1682
1682
1312
1682
1312
1312
1682
1682
1682
1682
1682
1682
1682
1682
1682
1682
1682
2130
1312
3990
4359
4140
149
3513
3621
3513
3513
2151
2151
480
4351
1134
1879
2151
3513
4117
3513
1274
1274
2151
3513
3513
2151
235
963
1682
3058
1682
2130
835
2910
970
3513
3764
3513
680
1647
2151
338
1256
4035
1256
1256
1256
1256
145
4544
2566
4721
1381
2139
502
3513
3513
3513
3513
3513
761
3764
3513
3513
3513
3450
4270
847
2566
3513
3513
2151
2151
2130
3803
835
2588
3944
1941
3354
2755
3642
356
4744
2562
1551
3675
3792
1643
2382
2130
2252
2174
3026
2252
2252
2130
2252
2130
2308
2130
2130
2130
2130
338
3944
2130
2130
4313
2693
1135
2151
2151
2151
4097
3513
3513
3513
1274
2362
4544
4544
3513
2130
4097
3493
1451
3985
1571
3944
3944
3944
3493
327
2837
2385
2447
3514
3932
2325
1768
680
1274
2130
3283
3892
2777
2130
2130
2130
3725
3456
2464
4295
2478
2130
2130
2130
2130
2130
3753
2130
2130
2130
271
2130
680
3938
1075
2835
1309
4033
2130
1876
419
567
917
1256
4453
4352
3938
2130
2130
2130
2130
2143
2130
3840
3840
3986
680
2748
2130
1869
2130
187
3237
3555
3422
3555
1256
3555
680
4012
680
680
680
680
680
680
680
680
680
1682
1822
680
680
2130
2130
2130
680
680
4604
680
680
2926
2662
1256
2075
680
680
680
680
680
1822
680
2130
680
1256
680
1256
1256
1998
2075
680
4241
680
3764
680
680
2130
3376
3456
680
680
680
680
2130
680
680
680
680
261
680
673
680
2130
532
2130
3460
2093
1256
1256
2130
1822
629
2130
2130
2130
2130
2130
2130
2130
4545
4202
4202
3117
4202
4202
4202
4202
4545
4202
4202
4202
4202
4202
4545
4202
3304
3304
3304
3117
4077
2824
4545
3304
3304
3304
4545
2166
3856
3117
3117
3117
2808
3304
3304
4202
2099
3117
1866
3117
2995
3117
3117
3117
3117
377
2580
2099
2099
3804
2099
4545
2166
3117
3117
4545
4545
3117
3117
3117
3117
3117
4202
4545
4545
4545
4545
4545
4545
3304
4545
4545
4545
3304
3990
4545
4202
3117
3117
3117
3117
3117
3117
4202
4202
391
4202
4028
4028
2983
4028
3117
4028
3117
391
2166
391
391
3990
3990
3990
4202
3117
391
1134
3117
3117
3117
3117
3117
3117
4028
4028
4028
4202
4202
4549
3066
3117
4575
3117
2293
4545
4545
3304
4545
3304
3271
894
2498
4549
4549
4202
4028
1420
4028
4028
4028
4202
3553
4545
4202
4202
4202
4202
4202
4549
503
4202
4202
2166
3304
2099
2099
3304
2824
3304
3304
2352
1000
2352
2352
515
2352
2352
2824
4202
4545
485
3304
2824
515
2374
4028
4028
546
546
154
546
154
546
546
3722
546
546
2374
515
515
3304
4545
4545
483
3117
4545
4545
3117
4202
3117
3117
3117
3117
3117
3117
3117
3117
2166
4202
4549
4545
4202
4545
4545
4545
4545
4545
4545
3117
2374
3117
4545
3304
4493
4677
3117
819
3117
4549
2374
4545
515
2166
2166
2166
3804
3804
3304
3304
3304
3304
3304
3304
3804
3304
3304
3304
2166
4373
2166
2166
3304
515
2166
2983
3304
4523
3804
2082
2983
2166
2099
2099
2166
2166
2166
2166
3304
2166
3304
3236
3236
3304
3236
3304
3304
3304
3304
2099
3493
207
799
2352
3236
515
3236
3304
3304
3304
3304
3304
3304
3304
3304
3304
3304
3304
515
3304
3304
3304
3304
3304
3304
4523
3058
3058
3058
3058
3058
4329
3058
3058
3058
4268
4329
3058
2820
4329
2820
4329
4393
4393
4393
4523
3058
4364
3058
3058
4329
4329
468
3058
4329
4329
3058
3058
3058
3058
4329
3058
3058
3058
3058
4329
3058
3058
3058
3058
4007
3058
226
3046
4393
3058
1854
2076
2830
1854
2251
4523
1854
3046
4523
4329
4288
4329
1306
4288
3892
4288
1306
3058
207
4092
4329
4329
4329
4393
4393
4069
1760
4329
4329
4329
4329
4393
4329
3058
4329
4393
4329
4523
998
998
1854
4329
4523
4523
4695
1303
485
4329
1760
4069
4523
4523
4329
4329
4329
4329
2608
1760
3316
4329
835
4069
4329
4329
4329
4329
4329
895
4329
4329
1760
532
4288
4628
4329
4329
4329
4329
4329
4329
2837
4329
4329
4329
4354
1893
4329
551
4329
4329
4329
4329
4329
4329
426
4329
1103
4329
4007
4288
4329
4329
4329
4329
3779
4523
4329
4523
4329
4329
4329
2911
4329
4329
4329
4329
1760
4329
4329
4329
4329
4329
4523
3791
4329
4329
1306
4329
4329
4329
4329
4329
4329
921
4329
3058
3414
3779
4329
3779
1298
4329
3517
968
3572
4288
3779
4329
2837
4092
4092
4329
4329
4288
1306
4069
1299
4329
2837
2837
4288
2837
2837
2837
2837
2837
2837
216
4329
4288
4329
4329
4288
4329
155
284
1345
155
155
155
155
3572
1306
4329
4329
4288
1306
4329
4329
4288
4092
2837
4288
2837
2837
4329
2837
4288
3854
2837
2837
2837
4329
2837
1609
2837
2292
2837
2837
2007
4329
4329
2837
4329
4329
4329
2837
2837
4288
3854
2837
4288
2837
4288
4288
4329
1306
3572
4288
2837
2837
4329
1306
4288
4329
4329
4329
4329
2837
4329
4329
2837
2837
4329
2104
3493
1306
1306
2797
4288
4069
4288
2837
4288
3572
3572
4288
4329
4288
2837
4288
4288
3572
3572
1306
1306
4069
4288
4288
207
4288
4288
4288
1306
1306
2837
4288
4288
3779
2837
4288
4288
4069
3995
4288
4288
4288
4288
4288
3572
3572
2837
3572
4288
4288
1672
155
4092
4092
4288
4329
2837
4288
4329
155
4329
2837
1306
3572
4329
155
4288
4288
2837
515
4092
4288
3572
1306
3572
3572
3572
3572
1306
3572
4288
1306
3572
3995
4288
4288
1306
4288
4523
1306
3572
3572
1912
3572
2414
3854
3347
3854
1075
895
3854
895
895
4371
4353
895
3854
4510
4353
2414
4353
4353
4510
4353
1926
895
4510
4353
3595
4353
1303
4353
1303
4353
4353
2151
2731
1303
696
3595
4353
3854
4353
3595
3595
2536
3595
3493
2414
554
1926
2536
3056
4353
3056
3056
3056
3056
3056
3056
3056
3056
3056
201
3056
1912
224
3056
226
1681
2014
1681
768
3626
4353
3056
226
835
226
4353
226
3056
4625
226
4012
3595
554
3493
3056
1846
2731
4625
4288
3056
3056
2151
3493
4510
4190
4523
226
3637
3348
2801
4665
4665
4007
3790
4665
1306
3824
1307
1995
3348
3528
224
3528
3528
224
3824
3493
3824
3824
3528
3493
3528
2140
3824
2140
2801
3824
4665
2439
2140
1995
895
2140
1995
1995
2140
2140
3528
2140
2140
2140
2140
2140
2069
1995
4665
4665
2439
2140
1493
3528
1203
3528
2439
567
567
895
2069
3824
4665
3528
224
3528
3528
3528
3528
3528
2140
2140
3528
3528
2140
2140
2140
2140
3528
3528
895
3528
3528
224
3528
3528
224
3790
224
3528
2140
3528
224
2140
4523
3528
2140
3528
3528
2140
2140
2140
2140
224
3528
3528
224
3528
224
3528
3528
3528
3528
3528
4665
3528
3528
3528
3528
895
2140
2140
2140
3528
2140
3528
3528
2140
2140
4523
3790
4665
3790
3500
3790
3790
3500
3790
3790
3790
3790
3528
3790
3790
3790
3500
3790
3790
3790
3790
3790
3500
3500
3790
3790
2140
4665
4665
2140
4665
3790
3790
3528
3790
2140
4665
2140
2140
2140
2140
2140
2234
2140
3790
3790
2234
2140
3940
3940
2140
2140
3528
3528
2140
3528
532
3528
3528
3528
3528
532
3528
3528
2140
3790
2140
3790
3790
3500
2140
2140
4665
4665
4665
4665
4665
4665
3790
3790
3790
3790
3790
3790
3790
3790
3500
4665
3790
3790
3790
3790
4665
4665
4665
4523
4665
4523
4665
4523
4665
2140
287
3500
3500
3790
3790
3790
3790
3790
3790
3790
3500
3790
3790
1200
2140
4665
4665
2140
4665
2140
4665
2140
4665
4523
3790
3790
4665
4665
4665
1452
4608
4608
2486
4608
4608
4608
4608
4608
4608
4608
4608
3493
310
1013
3458
3458
3458
3458
1968
229
229
2476
4343
4543
4543
4608
1013
347
1255
1034
347
1633
1633
1255
1255
3799
3799
1452
4523
1912
2151
835
3141
4608
4372
4543
1749
4343
584
1307
1307
584
1075
1255
3493
3493
1452
4608
1255
347
4543
4543
4543
4543
4543
4543
4543
4543
347
4543
4543
4543
4543
347
4543
4543
4543
347
4543
4543
4543
4543
4543
4543
347
4543
4543
4543
1452
4543
4543
4543
4543
4543
4543
4372
2342
2342
3496
862
4372
4372
310
4069
4372
4543
4543
4543
347
4543
4543
4543
4543
4543
4543
4543
4543
347
347
4543
4543
4543
1255
2414
1255
1633
1633
1633
1633
1633
1633
1633
1633
1633
1633
4697
4017
1427
4017
4017
4697
4017
4017
4017
4343
3233
1427
1427
1633
1633
4017
4017
1633
1633
1633
1633
1255
3233
3233
4343
3233
3233
3233
3233
1633
3233
3233
3233
3233
3233
3233
1633
1633
3665
1633
1633
1633
1633
1633
2414
2414
3233
1633
1633
4017
3233
4583
1633
4242
1633
4242
1633
1633
1633
1633
1633
1034
1633
3493
1633
1633
1633
1633
1967
1255
4193
1255
1255
1255
1255
1255
1255
1255
4017
1633
1046
1255
1633
4583
1633
4017
2292
4242
2292
4017
1967
1633
1633
1779
1633
1779
2573
4017
2573
1633
3233
1779
1633
1633
1633
1633
2573
1633
1633
1633
1633
2151
4282
3958
836
3859
265
4282
1235
1235
4282
578
4282
3195
578
1110
265
4282
578
578
4282
578
4282
3859
3958
3859
4282
265
4282
3859
3859
3859
3859
4282
4282
3859
3958
4282
3859
3958
3958
3958
3958
3958
3958
2145
578
578
1110
4282
3958
1110
1110
1110
3958
4210
3195
3195
3958
2899
3195
1110
1110
3958
3958
1110
3195
838
1110
4282
3958
4282
4282
4282
4282
4282
4282
3958
1235
835
3859
3859
3859
4282
3859
3859
3859
1235
3859
4282
4282
4282
4282
4282
1110
3859
3859
3859
2608
4007
2608
2608
4007
3195
4007
3195
2608
3195
2608
3195
82
3754
1741
3195
2608
3291
3195
3195
3195
3195
2450
2385
3859
3195
3195
3195
3195
2393
4069
2608
2608
3174
2608
3195
2608
4069
2608
3195
4648
4007
3195
2480
4069
3195
2608
2608
3892
3580
3859
4584
2475
578
3341
1914
4584
3892
2185
4584
4282
3341
2185
578
1190
3859
4069
3859
4282
3493
2801
4567
4007
2669
4007
4007
1632
3461
2608
3024
3892
4007
4007
3195
4097
4092
4007
4069
3892
3892
4007
4007
4069
2365
2292
2365
2365
2292
2292
3386
2365
2365
2365
2365
4362
4362
2365
2365
1616
2292
2009
2292
2292
892
4069
2292
4069
2292
2292
2292
2365
2121
2365
1075
2121
1075
2009
2365
1616
2365
1616
1616
4362
1075
2151
2292
2292
3349
4362
2009
2009
1616
1075
2292
2009
1139
1616
1616
2365
2365
2121
2121
1075
2365
2365
2365
1616
2365
1075
1616
2009
1616
1075
2292
1616
1139
2292
1139
1139
1139
1139
1139
3903
1616
1139
1616
1616
1616
1616
1616
1616
1616
1139
2009
2009
1075
1616
1139
1139
1139
2151
1616
1139
1616
1139
1139
1139
1139
1139
1139
1616
1616
1616
1139
1139
1139
598
2000
3432
1616
1094
4012
4362
4362
1139
598
2385
1616
4362
1616
4543
1075
1616
4362
1139
1616
1139
1139
3279
1139
1616
598
4362
1139
1139
2121
4380
743
1075
4712
2385
3279
4087
2983
3279
3279
3279
3279
3279
3386
3279
3279
4087
3279
3279
3279
2818
4087
2818
4087
4087
4087
3432
2818
2292
4087
4087
4087
4087
4087
3279
2818
3279
3279
3279
4087
3279
4087
2818
2009
3279
3279
835
3279
2818
2837
3279
2818
3279
3279
4087
2818
3279
3432
3279
4087
4087
4087
4087
4087
4087
2009
4087
3432
3279
2818
2818
2818
4087
2818
4087
3221
4087
4380
2818
2121
4087
4087
4087
3940
3279
4087
4087
4087
4087
3279
4087
4087
4087
2292
3279
3279
3279
4087
4087
4087
3279
4087
4087
4087
2292
4087
4087
4087
4087
2292
2292
2151
4087
4087
3892
4087
4087
4087
3279
4087
4087
4087
4087
4087
4087
4087
4087
4087
4087
4087
2818
4087
2292
4087
4087
4087
4087
4087
3279
4087
3279
2818
3279
2818
4087
4087
4087
4087
4087
4087
4096
336
596
4096
727
18
3493
2766
596
2766
2867
2787
1316
336
1387
747
18
450
18
450
3759
450
2961
162
162
2766
4268
252
162
162
162
18
18
2299
18
3759
3417
2454
3759
441
441
2717
3759
2454
3759
3759
3759
2867
2077
3194
3417
3417
3493
3493
541
1651
162
4523
18
2867
373
4069
4069
336
596
336
336
336
336
3729
3417
3729
162
336
575
72
4380
72
72
72
72
72
72
759
2939
1212
2939
1985
3372
2939
3493
72
2939
3372
72
2939
336
2939
2939
72
72
72
72
162
72
72
2540
2540
72
2939
2464
72
2961
3990
2939
4601
193
336
336
162
2742
4007
2292
906
906
906
906
3990
450
2939
4601
450
768
4601
2961
4601
2961
3493
2701
336
759
3493
2701
2292
990
162
193
2742
759
3493
990
2704
4523
3274
2704
2704
835
4012
2704
3892
2704
4626
2454
2704
2454
3056
2704
4626
2292
2439
2454
2151
341
2704
835
1031
1316
1094
1316
2884
2151
3274
809
2704
2704
2292
2439
2401
2704
2271
3892
341
2704
287
2590
1420
287
835
1316
3274
2590
3892
4626
835
2454
2454
2454
3892
2704
3892
4626
3892
2704
2704
2454
341
2704
2704
1703
809
2704
2704
2704
1178
2454
3892
2500
2454
2454
2454
2704
2113
2292
2292
2292
2113
2704
2500
2113
2704
3892
3892
809
809
3892
2454
3417
2704
2454
2704
2704
1420
3401
3236
468
2312
723
1938
3981
723
554
723
3203
3892
723
446
723
895
835
3236
2152
4069
723
4069
2292
723
4598
3981
723
3692
723
3981
723
723
723
723
723
723
2136
446
446
1867
723
723
3981
446
723
446
446
446
446
895
723
4598
216
446
2151
3981
446
337
337
2136
2292
2292
835
3481
3481
1822
4486
835
835
3692
216
735
3981
305
1574
446
835
446
446
446
446
446
835
2072
4667
835
835
835
723
3981
2136
2136
2136
835
706
554
3236
1519
895
895
835
449
1519
449
965
3236
3236
706
835
2292
910
706
706
835
449
446
1949
1407
4763
835
1949
1407
2536
1407
4007
2121
3054
1407
1407
835
1407
1407
515
2121
835
835
4763
4007
1407
1407
1407
1407
835
1407
1407
2072
835
1407
1407
2299
3670
835
2292
2292
835
1155
2464
4523
4069
4523
2536
1047
2292
4523
4077
4069
3056
4033
4643
4643
4069
3469
1407
4690
3469
4643
1407
4690
905
1422
3892
895
2375
3454
895
895
895
3789
4682
1392
1018
3892
895
895
2328
1098
1394
3854
473
859
3861
895
3752
1372
4682
1125
1433
3854
2260
4164
4164
1394
895
2994
475
4405
1568
1422
1372
4405
895
3736
1018
1125
895
3427
2260
2994
4632
1372
3789
3440
1394
3440
2260
895
895
895
3785
3493
895
2375
895
3440
583
4122
3440
3440
1981
1981
4007
3785
2492
2492
1100
368
3440
1806
1489
1742
2587
1484
895
1829
3100
895
1372
4042
1100
717
895
895
2969
2260
2587
895
895
3687
3248
1252
2833
4012
895
895
2273
1821
2492
2618
3399
3475
108
3948
624
4618
1796
1180
431
4467
1252
2245
2307
3417
1498
1439
2236
2250
3262
1439
1439
1439
2494
4079
2887
209
108
895
401
1909
304
1497
1136
699
982
4664
1111
4320
4141
1054
272
1434
2973
2007
953
4720
965
3212
108
697
2151
2288
1538
2246
1111
2680
390
2236
988
2236
2436
3506
1111
1111
1111
1111
1111
3417
3417
1111
1111
3440
1722
368
895
895
3100
2618
1111
1111
1111
1252
3931
1637
3111
2442
770
108
108
1252
1252
1252
2649
3674
4056
3506
4164
1419
895
2288
3506
3931
1252
988
1912
1252
129
895
1860
3100
2198
908
908
2500
2500
1912
4662
1510
493
3990
2079
2397
4420
4007
493
908
4014
908
1169
3193
3100
1860
829
2892
829
2500
2322
1071
535
3648
1733
4069
1570
701
1570
2322
1570
1957
493
1146
2387
1232
2057
3461
3461
1769
3461
2057
765
2494
2322
829
829
829
2500
2500
2500
1723
1141
2336
2500
2123
1953
2151
390
390
3474
3773
2500
2500
2500
1570
4163
2500
3243
586
3292
2729
2608
1706
3832
1672
2968
1912
3910
3049
2865
120
4413
4631
4631
390
829
4012
908
3832
838
2203
908
2459
1308
4432
390
2500
2795
1706
1066
2500
1303
2224
458
458
4680
935
1018
695
695
4122
895
73
3173
893
2464
3501
4468
501
800
472
474
3910
73
73
2492
2728
348
1510
895
895
1018
763
3316
3316
2629
4618
3100
1184
3100
487
1349
236
2728
895
3832
2178
1570
3832
895
2178
4231
4122
1018
1397
2178
2774
2707
4428
121
1847
3438
2968
1551
1551
1732
1182
1887
2115
1884
3038
1652
4514
4248
498
3431
3520
4249
1871
1860
396
1017
2707
1871
1182
742
2023
396
1896
3069
1912
2906
2492
2618
1066
2678
893
2774
4600
2845
893
3884
4347
3619
545
4428
4707
4142
2739
3759
895
4007
3832
3759
4007
1170
4343
4007
1950
622
4408
1170
3627
3832
726
3580
2686
416
3627
1407
1407
3580
3580
1427
3580
3580
895
2686
4414
3759
3759
3580
1978
2705
2132
2259
1170
1170
1170
1170
4007
527
1170
4343
1892
1096
4007
1548
3832
1892
4438
584
1170
2382
898
2219
904
1192
1192
3759
4007
1892
1892
239
4007
4007
1170
4523
1397
3463
895
895
3892
2686
3832
3892
895
1666
3892
895
3759
686
4320
686
1712
3892
895
835
3832
895
1235
3892
1235
260
3759
1453
3832
1235
1235
1235
895
2966
2966
2260
1741
895
1170
895
1428
416
3759
1400
895
895
729
895
1077
583
2487
2487
3943
726
3759
3832
2148
3892
895
895
3892
895
3759
835
835
3258
895
2436
895
895
895
895
2148
895
4069
4069
3404
375
426
3404
3404
4069
4523
4069
4069
394
863
4305
863
898
3689
3595
2708
3252
863
3600
863
1399
3595
4523
75
75
75
75
1573
3595
4069
2936
2884
1409
2604
2085
2210
1990
1967
1967
1967
2262
4069
1967
2210
75
4069
1967
1990
2762
2952
2952
2177
426
4069
2708
2353
693
75
863
4733
2762
2952
3133
2952
3961
2210
2210
2210
2210
2210
1633
4277
2393
140
2210
4181
3507
4277
335
140
4678
1822
4051
4277
4678
140
1822
550
140
1967
335
1876
3994
1967
1967
3994
3642
3759
3759
987
832
1967
468
2716
468
468
182
1967
3759
1670
987
987
3759
3507
140
4555
3276
4523
2353
895
2986
3276
4069
1952
3276
2695
2695
2151
4523
2151
4069
4069
4069
2151
336
895
3945
2119
2151
3759
3276
4523
2513
1952
3892
1670
2210
4041
455
4277
4277
3236
3236
1876
2151
140
2650
3236
4388
2076
3892
895
4077
1670
2986
2362
1534
2151
1895
3493
3127
1369
2954
3493
2954
1551
3493
3466
2967
2500
2954
3958
835
1964
2101
1369
1555
2884
3466
1964
3466
3603
980
3603
809
1551
1895
4523
1551
4015
895
1173
1539
1245
3493
994
4392
1539
3933
3892
895
2132
4263
2108
2850
4711
3958
4015
4015
4015
2500
2101
4711
1336
4523
2132
2132
4023
1555
4263
4523
1233
1555
2132
4523
2500
4263
2108
1439
4263
1439
4523
895
4523
4711
4523
2500
2500
4523
4523
2151
4523
4523
4523
3493
1160
964
3236
1177
4633
2385
3236
1177
2796
3236
2385
3892
3892
3236
2346
3705
4342
1160
1542
2983
4523
2385
3236
4523
2983
1407
1035
279
1407
3236
2983
2385
2385
2385
3236
3236
1411
1160
2385
1075
4289
1046
1046
3236
3236
1046
2382
297
1046
1046
1046
895
1046
3892
3892
2478
2007
4523
2151
3892
4523
3236
852
3569
4012
297
3569
3569
297
2385
2462
1142
297
1410
3892
2462
1628
856
3357
4599
591
4182
876
3113
4256
1080
2420
3331
1089
3874
1067
4765
373
1807
1807
1673
1170
2420
4599
1170
1170
373
4182
389
2382
3874
2855
3357
3351
3775
856
2382
1424
3351
856
364
3945
2739
1579
2734
4185
1298
1846
1955
2771
856
3945
3945
4030
3945
3945
3945
3945
4051
177
2151
1804
2329
856
4009
856
3945
1542
1254
2599
4561
528
3892
3273
460
460
728
177
177
1395
3945
3945
845
2672
3805
3892
1174
2166
117
2789
4246
3236
2220
1174
591
2618
2065
3074
3813
3818
3244
1512
3738
3864
2382
1444
74
2151
2151
3990
2365
346
2151
1174
896
2241
1878
3452
2382
2382
550
2616
896
460
832
4185
4592
2854
2672
1174
1741
769
2169
4007
2001
2584
809
823
1993
809
2720
1993
809
1951
1823
1665
1345
809
1993
1823
1345
2584
4700
2697
2697
1191
809
3305
809
1993
4523
2464
3144
4326
1646
3158
1885
3417
1823
3879
2584
3700
2584
2720
610
2482
2584
632
1646
288
3832
2581
2581
2581
809
2720
1995
3700
4387
2292
2604
3832
288
2450
2568
2568
2568
2568
4449
2568
424
3879
4523
4734
2568
2782
2007
4007
3454
4007
4007
1551
1551
3879
253
2568
809
413
2404
288
2720
2589
3438
2589
2584
3406
1990
2720
3116
4326
2450
2551
632
253
2252
2188
3158
253
3116
4404
2252
253
2385
4097
4097
4097
4097
4097
4097
4097
3933
4244
2439
4765
3766
2292
3613
2439
4765
846
4523
3832
2292
3832
3933
1542
3832
1966
3933
328
3933
1324
2122
3108
3108
739
2122
1068
3560
466
3560
939
739
3933
3766
1519
1519
1542
3560
3832
3832
2385
2292
268
4343
3832
3832
2121
854
1134
2464
1966
3239
3239
2325
4523
3832
3832
2604
2604
898
3227
2385
1134
3239
1556
4343
4380
2237
328
474
846
2882
1543
846
1556
1966
3832
2464
3832
3239
1345
3239
3239
3766
1556
836
2199
3892
3067
1038
403
3825
3892
3514
2418
51
3717
3328
3743
3514
2561
3514
4203
4051
835
2620
4199
4099
3139
3652
3311
2441
4464
3514
1239
3514
403
1257
1962
1257
276
2983
2771
1407
2771
2771
276
4140
268
230
3493
663
2771
1005
3892
2149
4199
0
276
1456
4480
3892
2620
4538
3620
1038
2620
3067
3493
1378
4278
3348
3615
692
4278
4037
3216
2039
2039
2039
2620
2618
1551
2737
4278
1551
4007
4177
51
3514
2199
1474
1526
663
663
663
4319
2983
3521
2622
3982
4278
3417
3492
4430
275
3714
1526
3892
4069
835
4350
221
835
835
4350
3820
2560
1908
1116
4722
946
2607
4500
2548
2548
1822
1751
1751
4553
3811
4286
3196
2292
1106
4267
3636
2560
835
4579
3459
3542
12
394
736
736
252
21
3196
1751
3122
221
895
2248
736
736
3196
4053
4053
4053
487
3219
4068
3811
2248
2560
4475
895
3122
1705
1518
895
1705
1805
3580
1832
193
3579
895
1525
3580
611
688
4379
3580
193
398
46
398
46
3579
2464
3792
37
896
1705
3580
2124
336
1010
1956
4186
4007
1134
727
1844
3702
3792
3987
1275
233
3213
4327
1472
4523
2124
336
4186
2730
1705
521
80
584
782
2264
2264
2264
782
4733
2529
4110
3367
2637
2637
1911
4523
80
3759
2264
1666
4523
3892
3125
3892
514
514
3650
550
550
514
570
3892
3886
373
570
3650
521
521
2505
3892
2618
2242
2345
4016
2345
3620
47
521
2464
3759
2392
2345
2345
3620
1982
4303
2345
2464
584
521
584
3376
2345
2345
929
3971
2242
3992
4589
3125
650
2345
4454
1336
1336
790
774
521
521
2345
2076
929
584
140
774
107
107
4007
1387
2983
2983
2983
4523
1387
107
138
138
107
4221
3224
107
523
1218
1122
2526
2151
2400
147
324
1477
4360
490
3783
3608
404
1347
1969
1172
2983
3567
2172
4427
3333
296
407
932
3759
2983
404
318
3307
1347
2582
3892
2582
147
834
3567
3783
3783
1049
1808
1347
2426
4143
3759
2258
2258
722
1455
4360
4455
2172
3382
2534
694
1774
3759
3759
4211
3759
98
3759
3759
3759
3682
3759
1549
938
4211
3759
3759
3759
4211
637
1774
4716
4716
4499
2172
4007
942
2238
2983
4081
2172
4566
616
2172
2172
4602
3759
4499
2258
2983
2983
1218
2172
2172
1455
1363
4081
4007
2172
3759
4716
4499
98
735
3103
3472
4029
1874
1736
1736
4523
3547
2655
3547
2504
579
2172
3588
1515
1798
4268
1874
2664
2900
1172
2760
4380
1075
3387
44
864
3958
4546
4029
3582
2151
4134
2345
3103
1193
4380
1193
4692
1193
1193
1193
2007
2504
2287
4138
1414
1361
4232
1193
1414
3039
2446
1172
3338
722
329
280
3493
3851
2049
3628
2172
3054
3217
1244
2856
4012
4012
2021
1347
1515
1934
2158
2464
2881
3370
3958
3958
367
917
1147
70
1147
1910
2464
1910
2858
2601
3933
1049
1011
3217
3958
3955
4759
2665
3075
3628
4233
403
835
835
835
835
257
835
4656
3252
4012
3095
2881
3095
4652
945
945
3770
3770
3236
1298
70
2002
3095
4652
2464
1410
4523
4092
4092
4092
4092
4092
3329
126
4567
3845
2193
3329
809
1410
1766
1410
1485
109
1407
4523
2695
3374
2518
3591
1263
3892
2788
2193
4523
456
1263
1085
1085
4230
3962
1690
4017
1263
776
1135
4092
1463
3964
3591
3759
809
1463
3845
1641
835
1463
1617
835
835
809
382
809
1463
1396
3973
2007
3493
2007
2486
784
4523
3493
1396
3493
3493
2486
3493
4523
4523
1396
1313
2080
1822
3727
3493
2080
3187
1407
4069
2469
3391
2983
2382
635
835
3942
1134
3493
1938
3361
1938
3228
3493
835
4720
642
4069
2469
2151
3361
3391
1913
4545
3391
835
2382
1656
723
2382
2024
835
2890
2890
2486
2151
835
835
3391
2151
3391
1578
3799
4069
2890
2486
4069
756
1656
321
4069
2700
3112
2994
3596
2018
2018
4012
3982
3112
2385
3112
4523
3768
2723
2723
224
552
1780
590
1780
652
263
2519
1157
835
2519
287
2723
2751
4691
3595
584
4208
3596
3595
2583
3365
3365
3759
3365
4432
4096
3365
2526
2751
3194
3365
3982
2385
1345
2699
3365
3365
3365
2699
2699
1345
4523
4012
1700
1700
449
809
4624
835
1802
4399
3969
2428
4
2060
2698
809
2456
2698
2060
2801
3759
809
712
809
2787
825
476
809
476
2698
1311
2060
449
835
3493
3656
4012
2881
4523
4007
3255
3255
3255
1204
4523
1204
3290
809
1685
1676
4007
835
449
1407
895
287
2414
2414
895
287
3308
4495
3969
3591
3977
2956
1407
684
216
3045
1134
682
1525
1134
64
2956
351
4615
1822
4196
3977
2210
2903
263
1889
1407
2078
835
2956
2956
2348
1889
835
2903
2956
456
2456
1536
971
1407
2812
1407
944
1243
2956
2380
4612
2348
4470
2292
1889
2570
1533
1407
2348
2704
3045
1533
1407
2292
3555
2210
2903
1889
684
3114
4388
2870
835
3977
2292
4012
639
3555
1966
684
4069
584
2292
4069
1407
1407
872
1966
3506
4012
1889
3555
3560
3114
4069
1407
4012
1132
835
4007
521
835
835
835
1407
2292
835
1407
1407
2292
3684
639
1407
1407
2292
1407
3352
2078
4007
835
287
3493
2956
852
3759
809
3759
1596
1741
3759
3759
855
3595
1705
3493
4757
767
1822
906
3493
3493
4289
847
3767
83
3493
2151
4012
1889
3718
2443
3493
3411
4081
3869
4012
3759
3759
4221
3380
3493
90
554
2382
915
1677
915
3718
1741
3759
1299
3945
722
3493
1284
835
2443
3493
3493
3493
3011
2385
2472
3940
1596
1596
3376
3493
2956
3493
3493
895
3766
3414
3301
2140
1705
2996
1306
41
835
835
3759
835
3493
809
3565
547
1958
2881
4738
1596
841
3493
4339
719
3056
3493
1457
835
835
835
3493
2752
1094
3831
2989
835
3759
4081
3759
4549
4523
3103
3259
2983
609
3696
510
2608
3696
622
4130
2771
809
997
3493
2121
2121
275
727
2416
2556
2626
997
2608
3135
2151
4523
980
3694
2385
1188
2983
3603
3434
1678
1678
3493
1791
456
3694
1534
4523
1596
4523
1167
3503
4523
4523
4523
2608
3498
584
3992
1735
449
1789
3759
3759
3759
688
412
3940
3940
3493
2644
3759
3759
3759
2464
584
4182
3759
548
2526
1472
2151
3304
562
3759
3759
3846
1173
3493
3419
4380
2400
4007
1752
2275
1752
4343
4259
3493
2982
2385
1791
1134
1407
3843
2771
1791
3572
3121
2983
1534
1333
3863
1176
3759
3807
3823
1908
1596
1518
2801
1908
747
728
1557
2897
4081
3939
2413
2414
3466
1758
4146
835
3799
2801
2252
2801
567
3823
3361
3361
3143
1431
4442
4245
518
518
2454
2165
518
1431
1281
3046
3046
3046
4124
1596
4252
2414
2609
3361
1107
1050
336
1464
2577
3591
3361
3838
1449
3620
1208
227
996
2124
3162
1050
2363
1666
1050
1345
3523
276
1643
1496
2864
2679
2393
336
4023
4023
2588
1028
1596
2609
2076
728
3046
3046
1908
2252
2787
3326
835
1596
2292
4081
747
3486
1995
3955
3792
888
838
1596
4273
3620
3729
4540
4352
2864
1750
1908
34
3958
3958
3737
3125
2903
1110
1407
2132
518
2903
518
3514
3514
3514
149
637
3417
1529
1901
3351
1901
4295
1281
2602
605
4753
1075
2140
3493
2955
3493
1791
3940
387
3766
1407
4309
1542
1596
3493
3493
2495
2816
2816
1207
1469
4012
463
1503
3958
2816
4243
536
3493
4151
1596
4171
788
2749
1145
2903
31
31
2903
4012
4653
1596
4081
2464
996
2261
3239
4282
2385
3413
4196
3043
3043
4691
3636
3933
1269
4059
4126
2854
4547
2748
4151
1966
3493
3493
2251
1966
4364
2816
3338
1134
1134
2915
2454
3622
895
965
997
4012
3493
2151
4069
2210
1407
190
981
809
3729
3867
336
4012
3289
981
428
3284
3547
3004
835
880
3759
2363
1822
3892
1503
835
835
2502
3573
2671
2165
3768
3958
835
835
2292
2363
4047
2363
1903
890
3867
3759
2363
3338
2363
3759
3867
311
4047
2363
3759
4047
970
2363
4047
1854
4023
4047
1121
183
1938
4047
183
1614
4047
3759
4047
4047
2292
449
2869
2559
1714
2067
695
695
3892
3892
642
1063
1407
2054
2478
2881
4007
183
3415
2551
2500
4059
1530
1683
2393
3759
3295
844
2624
4012
2983
2983
1117
1407
3781
1407
3781
3892
3892
2766
2766
2761
3507
2096
2778
2287
2011
1084
1107
3606
3606
895
2325
2292
1107
3958
2506
4364
3507
2780
592
117
1107
2778
3381
2778
2778
3507
1407
3192
1693
2573
835
4100
3867
3892
895
2165
895
1822
1822
4653
2061
1435
3129
961
1249
3099
1635
2907
1822
1591
2143
4004
3744
2038
2944
228
3087
3759
4428
3759
3759
2292
3759
4255
3759
1435
78
4428
2907
4255
2292
1822
1835
4578
1249
4305
4305
428
4305
3759
1635
463
451
242
2464
2286
2286
1635
3951
2009
3951
1297
1635
3853
242
658
4069
1635
1635
3143
3143
1635
242
3560
1635
2292
451
658
1635
2944
1635
2944
2944
658
2944
2944
1635
4069
1297
2944
2286
3853
242
2944
1635
4069
1075
1075
2765
216
44
2765
2486
2765
216
4012
2486
947
2278
3035
216
216
3094
216
1375
2486
1148
216
3035
767
2765
216
2765
3744
4317
1179
3799
3799
3792
3792
1543
4523
2486
3604
3799
4096
2252
4058
2278
895
216
216
2278
838
216
838
216
216
4012
1148
2486
11
2486
1375
2486
2592
2486
3951
2486
805
380
380
9
380
1375
2486
216
3799
1132
1801
2486
2486
2486
2486
1784
2765
1784
3620
3620
3799
3507
805
2486
216
1075
3799
3035
1148
216
4096
216
216
1075
1075
3799
1075
3892
216
1801
2486
2486
4731
4523
1148
3951
767
767
767
216
216
380
2486
2765
655
3799
2486
2020
2486
2486
2486
2486
2486
3926
2486
3926
2486
3926
2486
3604
3792
2486
1375
2486
2020
2486
2486
2020
2020
1496
2486
3792
380
2486
3507
456
1375
1075
1075
380
1075
1075
456
3792
1375
3792
2020
3792
1075
3799
2486
2486
2486
456
456
380
2486
3978
1375
1375
2486
3792
2486
380
2486
3904
3904
3904
2486
1075
3507
3507
2486
3340
1375
3926
3744
3507
1148
1148
1375
3792
3792
3792
1375
3507
3792
1075
3799
3799
4411
3792
3604
3799
1375
2486
3799
3604
1075
1148
3507
3507
3507
1148
1148
1375
1375
3507
1148
2464
1148
3507
1075
3507
1148
3507
3507
1375
1148
645
2939
3507
2983
2983
1064
1064
2983
580
1345
387
771
2292
465
2032
76
76
76
2983
2032
2983
2687
2687
2983
1542
2650
2811
1542
3766
1542
465
4213
3259
3892
1542
76
76
76
2983
1064
1064
1345
3766
3766
3766
922
1345
1542
1345
1345
1542
1542
1345
771
3472
2983
3472
2642
58
2240
2885
853
1335
175
3236
58
3493
188
1985
3041
1985
895
3236
2885
553
2983
988
4523
3759
3472
31
31
175
31
278
3081
3673
3729
3673
3673
3673
3673
1345
2354
1778
771
1345
4523
3940
969
1345
922
1345
1345
3478
4523
1565
561
2102
3060
1259
1777
2688
2540
4030
3493
4030
1862
2205
3493
2388
2173
2979
3061
3493
3892
1368
2280
2280
3493
3961
1349
4508
2621
371
3892
3493
1513
3961
2007
2007
838
1701
2444
2007
3109
3417
3417
1307
1035
32
2007
3452
3452
2999
4069
2292
1716
2569
1777
4081
4279
4527
1259
4410
1843
2222
20
614
614
648
2008
3199
4748
515
614
2912
1483
3014
3858
4012
2912
2912
2912
1459
3591
2144
2144
2912
1759
2464
1216
2144
3344
365
283
4731
1851
2912
33
2464
1348
584
2005
2724
1889
4731
2464
2464
2464
2464
2464
3031
1986
2292
3694
2066
3417
3532
964
3605
941
3605
923
3201
1540
3782
4740
2066
3417
757
2371
584
3493
2610
1216
2300
4715
4144
916
947
1113
923
3694
923
3442
4522
3694
3277
2839
3759
1781
1522
173
54
4522
4245
4245
2839
4245
3892
3694
1854
2907
330
1087
23
2813
4245
515
1459
1030
1838
3649
2007
808
966
584
3605
3920
3920
3383
3745
2792
3745
1469
1033
3199
1441
1441
1441
4245
4245
4752
26
1030
3218
4289
3386
2364
2222
4289
26
3694
4289
515
1298
2975
885
1094
1459
1459
4245
4245
4245
3166
515
3417
4219
3211
4219
4219
2394
2429
2151
3666
3541
3866
222
1399
127
4642
1091
26
4035
3541
2861
2464
359
3154
20
730
378
1630
2394
1183
3920
3493
1342
4070
4289
3493
235
235
2292
2292
3070
1898
1034
3531
2744
4007
2394
3070
3493
2083
2341
1519
4523
4112
2280
2019
276
2280
3051
4523
4523
1880
4696
4069
3637
4007
2154
2581
4523
3510
3453
4523
1543
4696
1543
3376
1543
1543
1543
1543
4696
1345
835
440
276
4523
276
4523
3008
3637
1355
3759
1880
4069
4521
1880
1880
1880
2795
276
276
4523
3436
4523
3008
4348
49
2795
4523
2560
4007
1914
2795
1961
4523
2536
3194
4069
3819
1880
2795
4634
2265
2439
2121
2439
3778
3493
4712
4034
4034
488
2400
2439
2439
3946
689
3417
835
4340
1402
3417
2265
2410
3940
793
2901
3417
2991
141
863
1056
809
3932
509
1108
2439
3493
4303
2060
1345
1345
187
2266
2266
141
2439
3417
3417
689
3417
1985
1345
4303
2881
2266
2581
2060
1186
2439
2439
2439
2439
1876
1876
1740
4303
4303
1345
1345
2060
3946
4303
1407
2703
3817
1283
1298
1407
584
4746
1407
1298
2883
1013
3376
1407
1689
670
2551
2551
4523
1407
67
67
3653
2551
3979
3892
2479
1407
4069
1407
3694
2551
605
1407
3512
1407
1052
2151
2883
1470
605
671
3564
3916
1196
1196
1407
3376
1196
1470
3376
3010
3939
1791
1914
1791
1470
1791
4448
960
1407
605
605
2053
4116
1791
1013
3916
1013
2618
4523
4523
1791
1791
1407
3939
4523
2428
835
2428
2428
2428
4523
123
1794
4523
2428
2428
2428
3560
2292
4523
123
2461
3956
123
1345
1794
1562
1562
3560
2428
4700
2727
2428
1375
2428
3573
2428
123
123
123
4007
2428
4007
3943
4007
4007
3245
1874
1874
4592
2428
2428
2428
3943
835
379
2428
4328
123
4007
4523
687
4007
4007
2428
1519
4007
4007
3943
2428
2428
603
3943
4007
4007
3943
4700
3451
2292
2428
2428
3329
3560
2292
686
1794
2428
3056
2293
4007
2292
2428
4442
835
3506
997
287
2428
2428
2428
4007
2292
2461
4523
4328
4328
4328
4328
276
2292
2292
2292
3943
3722
997
4523
3846
3056
2727
1345
3560
4328
3943
4328
3759
2428
4523
2428
2727
4523
2428
2428
2619
2428
2428
2619
4328
4328
4007
4007
4328
1772
3943
3943
2292
3943
3943
3357
3943
4007
4328
4328
835
3827
1556
3827
3827
3827
3827
3827
2292
2385
2890
4523
3827
2983
4620
1556
2272
1556
4388
4523
1666
3990
835
835
2788
1075
4102
245
4620
4620
4523
4058
949
262
2151
1075
2121
1556
203
1636
4388
1822
639
1996
1996
1996
4700
4700
1725
639
4700
973
3892
2275
944
4058
1822
4700
3843
2184
4058
4058
1822
4523
3951
4700
947
949
3493
947
93
448
949
949
4171
947
1122
1666
949
1440
2041
3424
2279
4523
3940
3940
4523
2385
4371
3892
1461
3032
3424
1504
4012
820
1407
3106
3019
1345
468
2041
3019
2289
562
4523
4094
4523
695
2891
4094
1115
4523
600
949
1461
3892
3892
515
3019
2151
1345
3106
2500
4523
562
1115
3892
2292
2292
4592
394
3501
394
1854
4523
4579
4592
3493
4592
4007
3501
3984
3984
1126
4592
843
1654
284
2650
2292
3892
2515
399
1407
2151
1543
2151
1407
2292
2292
399
3892
3892
3892
399
3892
399
399
399
399
3679
399
1543
1543
562
4523
3892
1543
4012
3019
3194
2151
1407
2292
3019
2151
809
2428
809
2151
809
1407
858
1543
4328
562
3376
148
399
3019
809
399
2498
399
11
3943
2292
2292
733
11
399
399
1543
1543
399
2464
399
399
399
2292
399
399
399
399
399
4523
1543
2650
399
2292
2292
1407
1543
399
399
4523
2292
4523
2292
3221
4523
4523
3892
4523
3892
2523
1854
399
2292
2292
2041
11
399
1543
3679
399
980
2498
3376
2588
2926
4742
2588
2748
3653
4766
3046
835
835
3882
4140
1869
4523
4140
301
2748
1869
3046
4523
2660
2946
301
4523
4453
4523
3354
2926
835
4140
4744
980
2926
2588
567
3753
1686
356
4295
2945
2820
835
3753
2945
3046
1716
2025
356
1094
567
1686
980
3493
2884
3882
917
2755
4691
3675
560
748
748
835
4392
4392
4392
3107
4012
4012
1810
4012
4012
4392
4012
3653
3439
1670
4392
4392
4007
584
4392
4392
3439
3493
4012
268
4392
4392
4392
1964
4012
4012
4012
4012
680
2837
4523
4392
4012
4012
4012
4012
835
4012
3892
3620
1551
4392
326
3970
835
4392
4392
4012
4012
1405
3409
3493
1059
3493
3493
2583
695
3493
3493
2292
3300
940
170
1912
2292
1912
940
4234
4523
2151
3769
3759
394
3978
906
3939
964
2130
3493
2788
3958
2391
3759
3493
4296
3759
3493
63
2232
4523
3493
216
3054
4269
4523
972
4523
639
1407
2151
2151
3958
216
216
3958
3958
336
1202
4083
216
216
3493
1912
3086
4257
2583
3493
4257
2292
1995
3346
3493
835
2583
216
336
3493
2583
3493
3928
3162
2037
906
836
3939
2583
1964
944
1059
3759
3493
214
2788
1075
2583
3493
2457
1075
140
456
3493
2618
3493
358
1075
3493
3892
3493
3892
3493
3892
962
310
3493
1814
3346
3493
2561
3939
4523
3620
3958
358
1912
962
1
3759
3769
248
3493
3794
1912
2303
729
729
2031
3843
4007
4146
3493
3794
4385
3939
4069
3892
1457
4074
944
4026
2561
3493
1912
940
2583
216
729
940
1635
2232
3418
3493
3493
1134
2796
1134
2796
3620
1001
2100
1134
394
468
2796
1001
1964
1134
216
1134
2796
2796
2458
1134
1964
609
2104
3498
1134
1134
1134
394
4398
3418
3418
2385
3418
2623
1134
3163
1134
1134
1134
1134
2535
2500
3249
3249
153
2151
1001
1134
1964
4494
1001
2468
2796
2151
1134
4450
4523
554
4523
2100
835
2437
2382
1345
954
4691
2209
3620
2104
1134
1001
1134
1134
1466
1854
1345
4592
1134
2100
1134
311
1964
1134
3620
2536
4667
729
3620
386
1345
2064
2464
3978
1345
896
2464
2464
2464
2464
1618
4684
460
2293
639
468
3591
1985
1780
126
3647
460
460
4669
460
2007
1675
893
893
433
460
911
1345
2555
3591
2253
1345
3759
3759
3452
897
4667
4175
2010
3996
2929
1345
3860
695
2385
1820
2010
2303
1345
4340
3506
2385
895
216
3452
600
1666
1345
897
2154
1345
2010
2010
4400
1345
1345
1345
394
2252
341
2007
2292
2292
688
2292
2292
2292
3965
2292
2292
2292
2292
3958
2292
2292
2292
542
1345
4523
2292
2292
2292
2292
542
2292
2292
2292
2292
3759
2292
2292
2292
2292
2292
2292
2292
4523
2292
2292
2292
2292
3965
2292
2292
2292
4012
1675
3056
1345
1345
1675
3056
3056
1345
3701
3231
2884
1345
4620
1345
3056
1675
1675
1345
3351
1616
1345
3971
2292
3515
3958
542
2292
2292
2292
2292
2292
2292
2884
3322
3759
4523
1345
2292
2385
3030
4578
3225
3729
3729
3851
3851
521
1350
1566
1185
3729
1566
1566
3025
912
3729
2020
3729
2020
2020
1176
2020
1691
228
228
4255
2020
3214
980
2292
1343
4007
2020
1920
1176
4523
3083
1968
3917
2252
4367
1220
3729
3729
1185
4613
1343
1782
2287
2020
2252
3960
1920
385
4101
1782
1176
1903
3729
3917
3917
1603
1888
4613
134
3729
3837
2090
955
1602
270
735
735
3236
980
980
980
4069
3892
3236
980
2151
980
1582
2252
2151
2151
3729
887
2252
2090
3917
2252
2252
3604
2033
2252
2020
2213
2398
2134
3620
2267
2840
3676
3214
3214
3676
2267
2151
2252
2252
2090
2585
2585
3676
165
1176
2252
3236
4523
1019
980
980
980
980
980
2151
980
3620
1220
2020
1185
2151
2151
2151
665
3456
4564
7
3493
2151
4542
62
1235
3493
3468
2151
2151
268
2214
487
1220
2151
2151
2214
1661
2575
2214
2151
2151
3417
2575
1325
2151
2151
2151
2151
2151
3417
2151
2151
835
1055
2350
3400
835
4523
2983
2983
2983
2732
1075
4523
117
3191
4523
4523
835
3493
2983
2983
1345
4523
2674
2983
835
3905
3905
3905
1661
1661
1840
2151
3685
732
2791
835
835
2962
1738
2104
4017
2500
4182
3847
2322
2322
2500
4567
277
2292
2464
2464
1407
3959
3847
2500
2791
4523
3493
3902
277
547
3152
2151
4523
463
3959
4523
4523
277
921
4523
3236
1407
4523
2464
2151
1407
2071
311
2500
2500
2256
4523
1407
1407
287
1407
3493
3493
3236
311
3493
3493
4523
2500
3493
3493
3493
1010
287
311
3191
3716
1010
287
1813
3493
2104
4523
4523
275
4523
2618
4523
2618
3892
3892
3056
1938
553
1134
4523
3493
4523
3832
2151
3041
1350
1938
4523
275
2200
553
1335
3892
4218
2121
853
3892
1350
4324
3892
1360
3832
70
2879
2879
3892
1519
1150
2007
2207
3990
4324
2151
275
275
4734
2104
1995
1350
1350
2691
3892
1830
4049
4049
2901
2151
3617
2121
2207
311
584
2151
3617
4341
3990
3847
2536
3056
3417
2489
3892
2007
584
4296
4523
2875
2292
2212
2151
3892
2212
3892
3417
4477
2983
3018
3892
4069
1495
584
361
584
2500
4069
4069
3515
4007
4477
4069
336
3493
1889
275
584
4069
2500
3056
512
3515
3990
1964
4523
2121
1964
2500
824
4069
3832
2351
4007
3515
3892
2292
4069
4007
3892
2151
584
1407
2121
4069
275
4461
2292
275
4355
2321
1462
2126
2154
835
1260
2983
3502
3502
2978
4355
275
4007
2753
3832
3018
3892
4336
4069
2151
1407
3892
2978
2154
4107
2154
3832
4007
3618
275
3892
3502
1666
3832
3892
2130
2978
3892
275
1403
3892
4007
3417
2983
2486
847
895
275
2978
3417
2500
2608
3755
3493
1260
4336
2673
3892
1462
265
3424
2486
275
4375
4318
3417
3424
400
2983
1543
4523
3493
1543
2151
275
3892
2151
3892
3119
2121
4012
3493
399
4523
400
4336
3735
4007
4069
2151
1904
4069
3735
3859
3346
3735
1543
3892
3892
400
1721
3493
981
2608
2151
1664
3735
1904
3493
194
2618
2673
3892
3110
3056
4007
275
727
3792
2151
4523
4523
456
835
3892
3892
449
4763
3892
917
3354
1964
3056
3892
1964
4007
2983
4007
194
456
2292
4523
2151
3056
275
4007
4318
2407
3056
3620
3768
3768
3832
3892
2151
2983
4007
2323
3892
3768
3990
2151
1402
3363
2151
3316
3056
2151
3892
1020
4355
1666
3892
3755
1407
336
2673
3225
2583
3892
4523
2673
835
275
4210
4523
2626
2626
667
4523
4523
4523
4523
2540
2870
4523
4523
4523
4523
2292
4523
4523
4523
2151
2870
4399
4523
1407
4523
3056
4523
4523
196
2292
2292
3056
4523
4523
4523
4523
4523
4523
4523
196
1407
4523
4523
4523
4523
2795
4523
3768
196
4523
4523
4523
2120
688
2626
3884
3867
3892
3892
3892
275
3892
3892
3892
2151
3867
3867
1407
667
4399
3768
667
4523
1044
4523
275
2500
2292
1721
2151
4523
1643
2151
4523
4355
4355
4523
4523
4523
2292
3768
1721
275
3892
3892
275
275
2292
275
2500
1779
827
2597
2597
3759
3892
254
1779
1776
2335
2597
3493
3892
2837
3056
4007
3892
3892
2151
3417
3892
3892
1779
1460
3493
2837
449
275
3892
2151
58
2104
899
2151
3892
2292
336
2151
4007
4007
4007
3932
4007
4007
4007
3472
3472
3892
3380
3892
2599
827
3493
807
1812
3493
1407
1812
2007
3472
275
1812
2948
3892
2948
1298
3892
899
3892
2151
1470
3892
1083
1083
1567
995
3602
3472
1083
275
3472
3552
1407
2007
2995
4318
1460
1460
1460
3493
3892
3892
4523
4523
995
3892
2151
408
2401
2292
394
4523
2801
2151
1721
2007
2007
2007
408
4007
3892
4336
2837
3990
1256
2151
4007
336
3669
3892
4007
2151
1184
4007
3604
2126
3892
3236
3892
4580
3892
3892
4580
1795
1543
336
3056
3892
3236
3892
3892
2121
2801
3892
2801
3892
2837
3892
4007
3376
1795
3892
2618
2121
3892
1256
4336
4193
2151
4055
275
3892
3892
3892
3990
1637
2151
275
4007
2151
2801
3892
3892
3892
3892
3892
3892
2151
3892
3990
310
4523
1256
4007
3892
4007
2292
4007
2608
336
3892
4007
2837
275
1795
836
3892
3892
275
371
3892
2292
2151
2802
1543
4007
2813
4007
275
275
275
2130
275
4007
275
269
2382
2464
4007
4300
3892
3417
3892
3414
4544
1388
4523
3892
3843
336
4523
2453
1075
373
993
1010
3892
2151
2112
287
152
3470
275
456
2169
1703
2619
268
3892
2983
2983
336
336
2795
3414
3892
4523
4523
4523
4523
2007
3843
2151
3843
3843
3843
3843
3892
2619
4165
3972
4523
4523
4523
4289
4523
4523
3892
4523
3892
4523
2291
4007
719
3417
719
719
719
2382
4523
2385
3972
4523
3892
4523
2292
2983
719
2983
275
515
2151
3084
4523
2809
1345
1407
4069
2983
1721
4069
2984
2151
1853
3493
2809
4582
2292
189
4323
4523
1820
2540
4069
189
2983
4395
4007
2439
664
336
1682
2121
4523
499
4523
4523
2439
3191
1658
1966
268
1010
1682
1820
65
3269
3894
4166
4523
4001
4069
615
4069
1720
4001
3221
1720
1682
1682
3892
3892
1010
3759
2443
1966
4730
1306
2151
2024
4523
4523
1418
2536
4523
4523
3916
4678
2151
1050
1418
3984
336
4523
1596
4235
2608
3481
3892
3892
949
3472
336
3417
1758
4555
4555
4069
336
3028
336
1520
4523
2756
4523
4523
4523
4523
4523
3153
4124
2909
408
3892
408
336
3892
1013
897
1596
3104
4678
1520
3523
370
1596
3958
3417
1596
1596
1596
1596
1596
3689
4567
727
917
373
1308
3322
2604
3892
3653
3286
3892
4185
2820
2029
4185
2151
3874
3892
4185
4185
917
3892
2365
917
3653
1407
1407
688
228
747
917
4185
62
3874
1333
4185
1145
852
3367
3874
3367
1145
917
3284
917
3653
433
2242
3892
3121
3653
3832
3445
979
4523
809
1281
1343
998
433
4482
3121
3063
835
4482
3650
3151
835
835
2151
3874
3650
1458
835
4523
3650
3892
1345
3892
3892
2365
1234
2242
2983
3874
4185
973
2382
3764
2849
3892
2983
3892
852
3092
433
3493
3208
1683
2132
1467
2884
2132
1013
4592
4007
3493
2884
1050
1013
1683
1683
1683
3847
3847
3405
1466
3507
4015
4015
695
686
3847
837
3847
584
2104
4007
1132
3314
4523
584
287
4592
276
4523
3591
1578
3847
4348
1578
1382
878
1466
3791
2983
584
2952
2292
3833
3591
1382
3847
1741
705
705
705
3668
3776
3668
1344
3668
2073
1139
3493
88
1580
2151
3470
3668
3668
336
2953
3668
3059
88
3059
3808
4069
88
2464
2583
1134
3312
3808
3808
3808
3808
3808
3808
3668
3808
1713
835
1139
2583
3808
1139
4578
1139
1139
4592
3892
3668
4523
1562
1856
1728
1856
4169
1562
1562
3645
3917
1139
1139
1856
3808
1345
1562
28
2380
1562
427
1139
1139
1562
3668
1195
4017
1353
2151
275
3085
1852
1345
1562
1118
2097
4181
4181
1344
1344
2953
4238
1118
1344
1118
1562
3808
1110
4307
4440
366
4377
2026
2626
4355
2626
427
427
2626
2626
2626
2119
4361
3964
4069
2167
2626
2618
2626
3892
225
2026
695
2026
2626
4069
2626
2026
2626
3322
2026
2026
268
3892
2198
4286
2026
2026
268
2626
2292
4069
3892
2626
3056
2626
2026
4286
2026
4007
2626
2026
336
336
2626
3493
2626
1911
2626
2484
695
2626
2626
2626
835
2626
197
2026
2626
4069
4523
525
525
4069
2026
2626
197
2626
2626
2626
2026
3581
2626
581
2626
2626
2626
2626
1235
2026
949
695
695
895
3056
4286
2626
3322
2026
2026
2618
3341
343
3892
4069
2026
2026
2026
2626
4069
2626
2626
3341
2626
2626
3341
3892
4523
1281
4545
459
1132
4388
1272
2107
1656
2151
1908
1256
2884
459
824
835
835
4589
1123
2884
2884
336
596
4523
1028
2880
4174
1281
2596
1464
2679
4105
2945
1472
1028
1028
4523
2539
459
1028
4183
1028
4523
1964
3832
2210
2151
2151
2880
1668
1721
2679
1668
2679
2596
3892
4007
2613
1272
2596
3417
986
4047
855
3417
835
4523
2983
2244
1345
3028
3892
4007
2151
2983
3892
1983
3990
1345
2025
1983
842
2025
4167
2932
3028
1220
727
3873
3832
895
3892
949
727
1983
3892
943
4523
4523
2837
2151
3892
2151
2151
2019
1795
895
1220
2151
1964
769
2151
4545
2983
3718
895
4523
2151
4523
4523
2788
2151
2983
2588
3990
3028
2788
4069
516
809
373
326
1969
4669
3892
3892
1703
1703
842
1556
2608
4523
1256
2618
1703
1795
336
2151
3028
2089
275
336
2608
275
2151
2588
1793
1793
3718
3892
2932
2932
833
1983
727
3028
727
4058
2932
47
275
3990
360
4007
2983
4069
4336
2983
1863
3417
833
3832
1822
4047
1644
1407
1407
3476
2849
796
287
582
310
69
2493
1988
796
454
3760
3485
1543
796
796
4345
1074
2873
2013
3892
3485
619
2210
287
454
2013
2789
619
136
1134
1770
454
2849
809
4744
2789
1224
796
136
3055
3586
3586
2500
3632
3892
3632
2445
1868
4284
3493
2421
3493
3493
3632
4370
3493
3493
3493
1034
812
2139
3493
244
3921
723
3442
513
4370
3493
3236
3633
4370
3493
3493
3236
244
3185
2104
4370
3871
3493
268
3493
3586
3892
3892
4592
2104
3871
584
1868
244
3493
3586
1203
2151
2801
3493
3493
3493
1868
1203
3493
4523
3300
4370
2463
3633
3643
3493
3493
3493
3493
3493
1457
1546
745
3493
3892
3132
1006
3892
3493
3493
4289
4289
3493
244
3892
1809
3493
803
895
2382
4069
3493
2249
428
2463
4025
3892
2151
3958
3493
3493
2756
1868
4182
3536
4007
3493
1886
3236
4069
3493
3493
336
3493
4171
1176
3493
2699
3493
1886
1886
3493
2151
4069
3892
3990
4007
3892
4523
3417
748
190
3493
3493
2151
3236
2151
3892
666
835
835
4714
3892
3793
3284
2151
2290
1964
3792
1051
3417
4714
2810
1252
2810
3793
92
2007
1252
1826
1252
1407
1543
2821
3892
2810
835
2790
1643
2810
3832
1347
1643
835
2536
1252
2151
2151
1252
2656
1407
1643
835
2656
2640
4714
57
3892
3892
2536
4069
3918
3892
3284
2192
4393
1543
817
370
3892
3892
4714
2007
4714
817
1034
3892
3990
607
4714
3892
2656
3892
3376
3892
4327
350
2167
350
350
2995
1185
2167
2167
3902
2464
2464
3892
350
4069
3892
4327
3892
3892
2787
2787
835
4327
3347
1034
3892
4327
2618
3759
4386
4386
2787
3759
2618
4069
4012
2464
4386
2500
3347
2500
2167
2167
2167
3892
2167
727
3892
1235
2167
2618
2618
2167
4193
4085
4069
2464
2500
3892
3892
4069
2167
2167
2618
3892
2618
2167
3902
4085
4085
2330
4327
4523
3892
3892
3056
287
1407
287
287
287
252
4523
2142
3348
1680
2983
4590
252
2151
252
252
2142
2151
2142
2142
3493
3236
2142
4116
3493
1797
3759
2618
3759
1655
1525
2535
287
3860
1436
2980
4523
1243
4069
2142
1779
3860
1290
2142
2618
2190
3892
4378
992
1797
3892
3348
992
2142
4148
3940
2535
268
4523
3433
3868
4523
2292
2959
3046
3232
3948
3320
2292
2292
1711
2983
1370
3376
2292
4523
337
337
4449
780
386
579
656
386
4452
1370
1799
780
1917
2292
4007
157
1799
329
3320
115
4523
4523
2959
4523
3046
2151
2151
4523
4069
3417
2151
477
1854
1854
3955
4523
4007
386
4069
3046
4725
268
3376
4302
2292
287
2959
4523
4523
1959
2866
4759
1198
2007
4069
1356
4314
1791
2500
3325
2294
1356
4314
1791
1791
1356
4240
2292
2294
1985
2316
4314
4314
4314
1356
1791
4314
1356
2760
1791
3325
2294
3881
3334
4069
3514
515
3836
3836
2618
4069
3651
4069
3836
1478
2007
2294
4135
2121
1345
4267
1356
643
1960
3881
4135
1791
4435
4435
4435
3881
2292
3455
2104
4069
449
1515
4045
4069
927
4045
456
4397
3892
4059
4007
3892
3056
2673
4717
2279
2151
2603
298
4007
3892
928
2385
1703
1360
4026
3892
2603
838
928
2608
4523
928
1527
1908
240
449
1543
4523
2007
2007
4523
336
584
3591
90
3762
3108
2947
3892
4523
4523
2598
1360
3004
3108
2076
584
4026
2193
3892
3892
1515
2151
4007
4007
4007
3990
2385
4293
1908
809
287
1010
394
1908
2191
2983
336
3832
275
275
275
336
4615
290
4615
849
336
3990
2618
3932
3892
456
4615
2162
3551
3990
3417
336
3417
3892
1239
3650
2983
3132
2151
4221
3132
1239
849
2526
4199
3417
275
275
456
336
796
1682
584
849
4696
3551
2998
3551
2779
4199
3551
3547
3817
4199
4199
4696
2656
607
3056
1078
4007
849
336
445
2293
11
1682
2293
2608
336
2837
2608
336
1235
2151
336
3078
336
684
1089
3892
3004
2197
90
2292
2618
3892
4523
336
1509
2787
336
4009
3892
2787
449
584
336
1345
2608
3104
3480
3892
336
2608
3650
148
4185
4007
3064
4308
3888
4523
336
456
3892
1854
3437
3121
638
638
638
638
1073
1579
2385
2104
638
4069
336
2197
1579
1089
2151
336
2400
1854
638
1543
3324
336
3892
336
4696
4308
4696
4308
4696
2197
2292
3324
4696
3750
1543
1543
1543
4007
1543
336
2092
275
3892
3338
4065
4069
4007
275
2881
3417
3892
3643
3892
3643
3892
3832
4007
3892
2092
3919
1176
4445
4007
2608
3892
449
2151
2385
2608
4007
2151
2385
449
4445
4069
4069
4445
2051
1407
4583
336
727
2450
1176
3892
821
2608
449
268
1176
449
3892
861
4445
4445
1407
1407
3990
4065
3892
2450
821
1407
336
449
3892
3892
4445
3990
1590
1407
3338
727
2689
4007
520
3892
336
3236
3664
821
90
3004
1407
336
1176
1518
1624
1518
1518
3056
4266
1677
1528
1518
3892
2292
2551
54
2151
4006
897
2551
4152
1336
897
695
106
695
54
1021
897
2983
907
835
3832
3892
1677
3180
897
1802
1518
1802
1412
54
1677
1968
4170
3568
2586
961
336
584
584
3548
1619
3892
1968
584
1968
2486
1968
1968
1968
4007
3892
895
1732
2486
3481
286
4592
1032
2881
2618
1968
1034
275
4523
275
1525
37
3106
37
900
2636
4523
2636
275
275
521
2983
3892
2151
2405
2636
2151
2673
2151
2983
838
4671
3493
275
1737
3631
2533
3892
2618
2486
3787
1400
2402
415
4170
1034
728
415
3932
3950
4318
2677
2636
2636
2636
2636
1491
2677
2636
2521
2636
2983
4170
2636
2677
3932
3548
2636
4199
2636
194
2293
336
2983
3892
487
3375
3892
4398
1246
4007
2452
895
1977
895
3930
2486
2151
2486
895
1337
3587
2486
2151
3892
3892
3548
2608
1034
3417
3316
3892
449
3417
3417
3493
3376
2500
1028
3104
3104
3104
3104
3104
1028
2007
3104
274
4069
3096
329
2121
4067
1507
2580
3854
745
273
4666
1507
4666
3653
449
2260
836
2260
655
3132
3892
2292
4284
3958
2260
2500
728
4069
3892
3892
216
216
2260
4318
940
216
3958
449
1269
1075
836
2260
3958
584
2260
2260
3056
3892
3892
216
3892
3892
3404
3892
940
2260
3892
3653
2673
3892
2138
2421
194
3892
3892
449
2151
449
456
2673
3892
3892
3892
2673
2673
2673
2673
3958
2260
3056
3892
4007
449
3958
3417
2673
2983
2673
3892
2586
2500
4007
1666
2260
836
2260
2104
836
2260
449
216
449
4007
4007
836
2260
513
836
2260
1795
2260
889
889
275
4523
1343
4523
1347
3897
2151
2881
1408
3892
1721
2406
2098
3892
3958
3144
1691
2594
3747
2551
1347
4740
3892
3144
4355
3144
3144
3448
3448
3892
4523
1602
1343
3892
2608
336
3892
336
4069
3883
2371
895
515
1780
587
895
3906
3958
94
94
1691
2981
1780
895
4019
2796
3190
4042
4019
3144
2981
1614
1094
2981
3088
3892
3020
3230
4019
2981
4019
3133
2313
2151
4007
275
3718
2313
1367
2385
2618
2151
2500
3892
3892
2486
1069
2500
3132
3892
3106
3132
2313
2151
3892
3787
216
3892
2517
2874
173
1170
2618
1709
2618
1170
2313
3892
3046
3795
215
707
3795
1572
4133
3417
3056
707
4007
4007
215
4007
392
2618
3021
392
449
3832
4007
1395
2608
3832
336
191
336
336
336
2511
191
4380
336
3892
3832
2983
2151
3892
3892
3892
3832
3892
3990
3892
3018
275
275
275
727
4007
3018
336
275
1755
336
2076
4007
2292
969
1395
2150
657
1254
4678
1613
4577
4021
3488
4421
2738
2738
1930
2292
1395
3832
191
275
2104
89
3349
2618
4663
4109
2738
4007
620
2151
3892
4343
4007
4007
4007
3892
4007
4007
4007
4007
275
275
2151
3349
275
4007
3892
3493
3892
3832
2103
657
620
4007
2367
602
336
336
4343
895
3892
2445
4598
3892
2618
2104
275
2983
2151
4343
295
295
3132
3650
2608
3574
727
895
3892
2983
275
275
2104
2511
3620
275
2292
275
336
3493
336
1940
2292
2292
3892
336
336
4181
1230
2454
2389
3613
3493
3816
727
3892
3493
3493
336
1391
3493
1938
2292
2078
287
2130
2379
4327
275
3889
2571
2571
4285
4447
2078
1374
2608
3077
4285
2550
3461
216
4692
474
474
2292
4692
216
4327
3235
4728
3816
228
3471
287
1134
3316
3493
1594
2292
2151
1134
3461
3493
3493
314
3889
3889
4069
3816
2862
1938
4069
4069
4069
1938
3999
266
2317
3493
4103
4069
836
1254
1254
836
836
836
836
1254
28
28
2121
1254
1254
3583
1254
1254
228
1254
76
4069
4148
4148
4374
3667
2987
3863
2428
1780
3316
1254
3394
2151
1457
275
4053
3407
771
1950
3246
2862
3493
3316
3152
2151
275
764
644
644
644
644
4678
4523
2487
3481
4171
2487
1908
1908
2076
1908
1908
644
2487
415
3654
4171
336
4523
4678
2583
2583
3924
2837
3940
3726
2983
4523
895
644
584
644
4018
2292
2257
4672
4572
4084
4572
4572
70
1995
4380
3048
4380
4672
1732
4678
2292
1197
19
4523
3506
3194
4669
2403
11
1435
3604
3073
4018
4669
1435
2969
4380
4380
1264
852
3487
4380
2036
4449
24
19
3604
2240
809
4380
4380
4086
4592
4380
1995
4592
809
4380
983
4449
4380
399
1243
1965
475
1520
424
1243
475
2292
373
4088
4523
468
2210
126
468
3386
2292
4171
1965
2837
1965
126
4069
1965
584
126
1134
4007
3152
3359
3892
3892
310
3664
2479
2500
1407
809
3892
1134
3892
1134
2292
1523
1995
1134
4424
688
3892
3194
275
4424
3892
3892
1347
1995
4424
3857
3892
1780
1666
4423
1105
4007
4007
2479
3236
3236
4380
4380
3236
3236
2151
3236
3236
1347
4380
3236
3107
3236
2292
2608
1254
1407
2500
978
4380
3236
2885
2881
2431
852
3892
4007
4380
3236
1995
4007
3939
3939
3939
3939
1435
4449
895
2126
3742
3742
4007
4007
1407
2126
2464
3515
3832
4081
2126
243
4427
2385
584
2500
3656
2126
917
2618
3832
4206
2618
3832
794
917
2464
1134
275
2126
1345
2126
4523
1646
3116
4625
4658
4271
809
2604
515
2464
3939
2464
515
90
2151
2795
2795
243
3804
2126
1496
835
2126
2126
2091
2091
459
515
459
2126
479
1520
4748
706
2880
1134
1407
2596
835
2126
2693
835
418
3417
373
3913
4119
2609
2313
3892
1461
2313
2385
2313
813
418
1461
2126
4676
2385
2385
4592
2313
4643
4081
4069
1885
2042
1345
2385
4119
4012
3892
2385
2313
3658
2385
3851
3493
1976
3892
4081
4268
2313
4119
3595
835
3832
3892
1094
2385
4433
493
3832
847
2313
3481
1094
4427
3892
2385
4190
1889
2837
2464
2385
3892
3643
3595
4107
4119
3493
3595
3595
1345
2151
3595
3380
2126
1461
1094
1461
3851
2555
1094
4523
4523
2618
4523
4523
2292
2400
3892
1466
3417
2292
3958
3958
3958
3958
1466
2174
2151
4523
2618
2385
3958
1466
4007
3892
584
148
3729
3376
2618
3376
3376
3236
3376
2119
3417
4012
4484
3417
4007
3376
2365
4592
584
2618
1822
4568
4069
4012
1407
399
3922
1226
3063
4523
4523
1226
275
3493
1094
449
4012
4523
3892
3493
2983
1985
4007
275
3892
4258
3892
2597
1822
337
4012
1822
3892
3417
1150
3493
1500
4523
1150
2597
2597
3056
3291
1749
275
3892
216
4012
4523
116
3533
1543
3892
2597
1543
1851
336
4380
4012
2695
275
3892
2151
2801
4007
4007
809
474
1308
282
473
216
3832
4007
282
2983
3018
3892
3892
2151
2151
2933
3892
1543
3384
1134
4007
3832
439
1543
4055
1150
2876
1407
2104
449
3056
2181
4380
1543
4678
105
4007
105
4007
1543
3892
2983
183
3892
2890
3568
1543
2121
2151
2151
2151
1534
1869
3376
3892
3859
2151
554
2385
554
3493
554
554
1571
275
3236
2385
3791
456
2673
1338
105
275
4007
3196
4007
3417
1407
1407
3892
1407
4523
1075
3791
3892
2618
1407
631
708
3791
3791
3892
2151
2151
2462
2151
2673
2151
835
2151
2618
1407
1765
1765
275
3349
275
3349
3791
287
1407
3493
1543
4733
4733
4355
340
2983
275
3892
3892
275
695
3832
1543
2618
2156
3892
2618
2104
3493
449
2983
2385
895
3417
3056
1308
1985
2992
2983
2618
2983
275
4442
1407
3046
4146
2151
2212
3196
1703
3041
2151
4100
3940
4748
2983
940
4007
3346
4012
3194
4012
4069
2025
2983
4012
2450
2983
895
4007
1703
2983
4007
605
2983
90
1068
3342
3016
3892
2983
471
2500
3493
3892
3892
4007
1907
3346
2151
4007
3612
2180
1854
2881
1407
1407
6
4007
2151
4603
2983
3542
4007
4007
4678
3346
2706
1280
3493
3493
2536
4007
2151
2151
4007
3497
4617
1779
4007
4523
3659
1151
3497
4523
3892
3901
408
1852
4523
4523
2151
1721
2180
4007
1703
2464
617
2151
3892
2885
3514
3191
3892
4007
853
4007
1721
553
4007
3892
2464
4007
4007
6
1335
895
3125
6
4012
3762
4614
268
971
3892
1721
2706
2151
895
852
3225
578
1780
578
394
1027
4007
2500
3264
3892
2151
1407
1415
2536
3728
4207
1214
1239
185
2151
989
2608
4252
2151
3718
4336
4076
3040
275
3892
4710
2007
4007
3928
1256
110
3940
3990
2618
835
1457
578
4252
3892
1088
3814
1407
2292
3442
3892
4669
2753
3892
885
1514
336
2450
3892
4545
2287
1514
1514
2983
3056
3149
2292
2292
1407
1407
1239
1239
1239
2292
3892
2292
1407
4724
4724
2151
3940
185
1012
1407
3089
3264
601
2292
3196
1407
2151
1003
3892
3708
336
3056
2151
3056
3892
2525
3832
4451
3222
1976
2210
4297
4220
3892
2151
2983
4220
2385
2605
797
3892
4007
2180
4043
4315
2365
35
2319
4152
333
1407
809
2490
3051
3051
3892
2608
3892
2423
3056
1596
3940
2151
4264
1795
336
2151
2210
4736
4380
3814
3493
907
3892
3892
3892
336
2479
4736
4007
3940
3928
1407
3928
2465
336
3264
2837
2528
4436
2771
2983
1429
3046
2204
1900
4380
2983
2983
110
1900
336
4076
2007
275
3892
422
2151
2151
2605
4332
4060
1950
600
3395
4523
4060
4060
1407
3892
3892
3664
4060
1703
1795
3178
275
2983
4523
4060
4669
575
4060
575
4669
2536
1179
3172
1274
3493
3892
2904
2788
3346
4060
3346
3722
4060
3346
336
3493
148
148
148
449
1721
2983
996
1743
2536
3892
1226
2151
1226
3239
949
2151
1407
3346
3990
1743
3892
1226
2151
2618
456
4592
2621
3316
4043
3892
2151
456
3395
3493
3493
2151
1743
532
1728
3506
3990
3990
1721
3892
971
971
2885
336
2885
194
4060
4060
1713
1713
1713
4060
4007
2182
2151
1713
3347
4689
4698
3417
4318
336
1943
4689
1943
895
4060
4689
3892
4007
584
4689
1745
4007
1592
2151
3892
1908
3316
1728
3742
336
336
4698
746
1728
3417
3506
4640
1240
1703
2500
1728
2007
3345
1728
3416
3416
3892
3239
3742
449
4007
584
4669
1908
495
2500
216
1703
4007
1908
1908
3376
2609
2293
644
3892
584
2536
2618
3493
584
584
584
584
584
3799
2540
584
1792
584
2156
584
2536
2536
2536
487
2671
440
2965
4592
2536
2536
2536
4614
3506
584
3832
2673
2156
3056
3892
3892
3056
1562
3892
3892
3892
2796
3832
3892
2156
3892
2536
2156
3832
3892
4007
2817
2156
3842
2156
3417
1068
3892
2156
2151
2151
4069
456
3892
3051
4007
1551
487
330
456
224
4380
275
1938
199
336
1741
1176
3560
4007
1408
3560
4503
3940
3799
224
4523
4592
2292
3349
3239
4012
4523
3349
3051
532
2801
1525
3051
373
3892
3905
4592
1562
3560
3718
4362
487
2117
4621
275
4621
2805
3832
2536
2536
2536
2536
2536
3051
2673
1068
2293
2293
275
2293
1068
330
428
1703
4259
2533
1671
1703
3553
3591
3892
1068
2023
1068
487
4476
2086
3376
2753
509
1407
809
4069
4174
3832
3832
3892
3892
2885
1302
4476
1266
2971
2955
3939
3892
4755
4007
2086
2742
2742
2742
4332
2086
3236
3376
3759
394
3892
394
4332
3832
3892
4583
3832
4007
2220
3376
3342
275
2086
4007
2742
4615
1639
4615
1639
2480
4476
909
2608
1639
4583
2220
2453
4414
128
128
128
4096
3239
3892
2742
4152
4058
3239
4007
275
2086
2742
4007
4343
4343
1893
3892
275
3832
509
2850
1215
275
3832
2358
1068
4007
2151
1068
2446
1639
3892
275
4007
3892
4069
3342
835
3967
835
2086
2470
3892
3892
3206
3832
4007
3892
3892
1666
3892
3239
3812
275
2151
1247
4332
3892
275
275
3892
3892
4036
3832
3892
2292
737
3832
4333
275
4332
3236
3376
2523
4007
2086
2937
3892
3832
4007
2151
1075
3051
4007
3892
4007
3892
4007
4036
3832
4036
2292
3892
2787
347
1070
4113
4760
4760
4760
3892
2227
3050
2151
1109
4380
3315
1531
3337
2061
4343
2151
1531
4055
2826
1070
4055
2826
4055
3493
2826
1070
2227
3065
3065
2151
3744
3466
2802
2227
2151
3928
2227
2370
3690
3690
3444
3220
3928
3928
3928
3928
3928
2151
3514
4113
4113
4113
3799
2227
347
386
4523
4760
3892
4093
4093
2151
4760
4290
4366
1780
2151
1543
4055
4462
3065
41
2070
3799
2070
786
4462
4523
3799
2890
2227
1913
2227
2292
2151
2227
2151
386
3493
2608
4380
3799
41
3799
1174
971
971
971
4497
126
980
1174
980
971
2532
2104
1407
1174
4343
2151
4343
4055
3065
3709
4055
2227
4523
2767
766
2151
4523
2608
386
3567
2227
386
2618
2151
2785
2227
4380
386
3174
2151
4317
3859
3892
275
4343
386
727
3843
4626
727
3843
3843
3091
2423
2479
4626
2564
1209
2423
3843
4007
4545
2676
3385
4626
4128
3410
355
548
1062
2453
1716
1716
1716
2180
2180
4128
2464
3900
4096
4096
3023
3759
3493
3493
3023
3832
4269
3081
1350
2180
4516
3291
287
1350
2135
1409
3023
1332
4096
2618
3247
4174
4615
3832
2180
548
2479
2618
4615
4269
2819
2819
2819
2819
3832
1209
326
4128
2105
3018
548
3832
3832
2292
246
226
543
337
3595
3832
548
226
3172
3172
4437
3732
2292
4523
2479
3023
2450
2479
2292
2464
2417
2417
2695
449
449
449
2417
2450
2417
2479
2417
1352
554
2450
3023
4591
4591
4591
4591
4407
4407
4407
3892
117
117
4449
4591
3018
3018
2608
2196
2479
3732
468
836
1332
2151
2151
3056
4643
4137
336
2608
4568
654
3974
2676
3493
2861
2608
